,FULL NAME,TEAM,POS,AGE,GP,MPG,MIN,USG,FTA,FT%,2PA,2P%,3PA,3P%,PPG,RPG,TRB,APG,AST,SPG,BPG,TOP,VIV,RATING
0,Precious Achiuwa,Tor,F,22.56,73,23.6,49.2,18.5,131,0.595,447,0.468,156,0.359,9.1,6.5,14.9,1.1,6.9,0.51,0.56,1.15,6.8,76
1,Steven Adams,Mem,C,28.73,76,26.3,54.8,12,199,0.543,383,0.548,1,0,6.9,10,19.9,3.4,16.1,0.87,0.79,1.51,9.4,82
2,Bam Adebayo,Mia,C-F,24.73,56,32.6,67.9,25,340,0.753,723,0.562,6,0,19.1,10.1,17.5,3.4,17.5,1.43,0.79,2.64,10.7,87
3,Nickeil Alexander-Walker,Nor,G,23.61,50,26.3,54.9,24.8,97,0.722,327,0.434,305,0.311,12.8,3.3,6.9,2.8,16.1,0.82,0.38,1.7,7.5,72
4,Nickeil Alexander-Walker,Uta,G,23.61,15,9.9,20.7,17.9,12,0.917,15,0.4,33,0.303,3.5,1.5,8.4,1.1,15.5,0.33,0.27,0.53,7.2,72
5,Grayson Allen,Mil,G,26.51,66,27.3,57,15.2,74,0.865,180,0.533,389,0.409,11.1,3.4,6.5,1.5,7.6,0.7,0.27,0.65,5.6,75
6,Jarrett Allen,Cle,C,23.97,56,32.3,67.3,18.1,233,0.708,535,0.688,10,0.1,16.1,10.7,18.4,1.6,8.2,0.77,1.34,1.68,8.1,85
7,Jose Alvarado,Nor,G,24,54,15.4,32.2,18.4,53,0.679,184,0.538,110,0.291,6.1,1.9,6.6,2.8,26.9,1.31,0.13,0.74,8.3,76
8,Kyle Anderson,Mem,F-G,28.56,69,21.5,44.8,16.2,105,0.638,360,0.481,109,0.33,7.6,5.3,12.9,2.7,16.2,1.12,0.67,1.03,8.9,76
9,Giannis Antetokounmpo,Mil,F,27.35,67,32.9,68.5,34.9,766,0.722,1003,0.616,242,0.293,29.9,11.6,18.7,5.8,31.7,1.07,1.36,3.27,15.3,97
10,Thanasis Antetokounmpo,Mil,F,29.73,48,9.9,20.5,15.7,46,0.63,114,0.596,14,0.143,3.6,2.1,11.3,0.5,6.5,0.33,0.25,0.54,6.3,72
11,Cole Anthony,Orl,G,21.9,65,31.7,66,25.1,253,0.854,521,0.432,391,0.338,16.3,5.4,8.9,5.7,28.9,0.71,0.26,2.62,10,78
12,OG Anunoby,Tor,F,24.74,48,36,75,20.5,118,0.754,380,0.511,317,0.363,17.1,5.5,8.3,2.6,11,1.48,0.52,1.67,6.9,81
13,Deni Avdija,Was,F,21.27,82,24.2,50.4,16.3,136,0.757,320,0.525,259,0.317,8.4,5.2,11.8,2,11.8,0.72,0.54,1.06,7.3,76
14,Deandre Ayton,Pho,C,23.72,58,29.5,61.5,21.4,142,0.746,678,0.642,19,0.368,17.2,10.2,18.5,1.4,7.6,0.69,0.69,1.57,8.5,85
15,LaMelo Ball,Cha,G,20.64,75,32.3,67.3,28.2,243,0.872,689,0.462,565,0.389,20.1,6.7,11,7.6,35.7,1.57,0.4,3.27,12.5,87
16,Lonzo Ball,Chi,G,24.46,35,34.6,72.2,17.3,28,0.75,123,0.423,260,0.423,13,5.4,8.8,5.1,20,1.83,0.89,2.34,8.2,82
17,Mo Bamba,Orl,C,23.92,71,25.7,53.5,17.2,73,0.781,337,0.561,281,0.381,10.6,8.1,16.6,1.2,7.4,0.54,1.68,1.07,7.3,79
18,Desmond Bane,Mem,G,23.8,76,29.8,62.1,23.1,155,0.903,578,0.484,523,0.436,18.2,4.4,7.7,2.7,13.5,1.21,0.38,1.46,8.1,83
19,Dalano Banton,Tor,F,22.43,64,10.9,22.6,16.9,44,0.591,151,0.464,51,0.255,3.2,1.9,9.7,1.5,19.8,0.42,0.16,0.83,7.7,72
20,Harrison Barnes,Sac,F,29.86,77,33.6,70,18.8,413,0.826,473,0.526,360,0.394,16.4,5.6,9,2.4,10.5,0.69,0.18,1.55,7.2,80
21,Scottie Barnes,Tor,F,20.69,74,35.4,73.7,19,215,0.735,739,0.543,193,0.301,15.3,7.5,11.5,3.5,14.7,1.08,0.74,1.84,8.3,84
22,RJ Barrett,Nyk,F-G,21.82,70,34.5,71.9,27.6,406,0.714,790,0.442,404,0.342,20,5.8,9,3,14.9,0.61,0.23,2.16,8.2,84
23,Will Barton,Den,G,31.26,71,32.1,66.8,20.8,127,0.803,466,0.504,430,0.365,14.7,4.8,8.3,3.9,17.6,0.77,0.44,1.79,8.1,77
24,Charles Bassey,Phi,C-F,21.45,23,7.3,15.2,16.1,12,0.75,43,0.698,4,0,3,2.7,20.6,0.3,6.5,0.22,0.74,0.35,7.4,73
25,Keita Bates-Diop,San,F,26.21,59,16.2,33.8,14.8,61,0.754,208,0.572,55,0.309,5.7,3.9,12.7,0.7,5.7,0.44,0.24,0.76,6.2,74
26,Nicolas Batum,Lac,G-F,33.32,59,24.8,51.6,13.3,38,0.658,117,0.607,270,0.4,8.3,4.3,9.1,1.7,9.7,1,0.71,0.68,6.3,76
27,Darius Bazley,Okc,F-G,21.83,69,27.9,58.1,18.3,170,0.688,380,0.511,269,0.297,10.8,6.3,11.6,1.4,7.7,0.84,1.01,1.3,6.5,76
28,Bradley Beal,Was,G,28.79,40,36,74.9,30.8,203,0.833,561,0.508,210,0.3,23.2,4.7,7.3,6.6,30.8,0.9,0.38,3.38,10,87
29,Malik Beasley,Min,G,25.37,79,25,52.1,19.4,60,0.817,213,0.432,637,0.377,12.1,2.9,6.1,1.5,8.5,0.54,0.15,0.54,6,75
30,Davis Bertans,Was,F,29.41,34,14.7,30.7,17.6,30,0.933,27,0.519,144,0.319,5.7,1.8,6.7,0.5,4.4,0.32,0.18,0.41,4.7,73
31,Davis Bertans,Dal,F,29.41,22,13.9,28.9,16.7,10,0.8,18,0.444,86,0.36,5.3,2.5,10,0.7,7.1,0.27,0.27,0.23,6,73
32,Patrick Beverley,Min,G,33.75,58,25.4,53,16.1,133,0.722,194,0.485,242,0.343,9.2,4.1,8.7,4.6,24.5,1.16,0.9,1.26,8.8,78
33,Saddiq Bey,Det,F,23.01,82,33,68.7,21.3,254,0.827,526,0.454,610,0.346,16.1,5.4,8.8,2.8,13.8,0.89,0.2,1.17,7.6,80
34,Khem Birch,Tor,C,29.53,55,18,37.5,11.2,71,0.746,186,0.522,14,0,4.5,4.3,13.1,1,7.6,0.55,0.47,0.53,6,75
35,Goga Bitadze,Ind,C-F,22.73,50,14.6,30.4,19.9,94,0.681,172,0.628,80,0.288,7,3.5,13.5,1.1,11.2,0.42,0.84,0.92,8.2,75
36,Bismack Biyombo,Pho,C,29.62,36,14.1,29.3,17.1,71,0.535,145,0.593,0,0,5.8,4.6,17.7,0.6,6.2,0.33,0.72,0.69,7.1,72
37,Bojan Bogdanovic,Uta,F,32.98,69,30.9,64.4,23.7,260,0.858,461,0.523,468,0.387,18.1,4.3,7.6,1.7,8.7,0.49,0.01,1.7,6.6,80
38,Bogdan Bogdanovic,Atl,G,29.64,63,29.3,61.1,21.6,115,0.843,335,0.516,459,0.368,15.1,4,7.4,3.1,15.5,1.08,0.22,1.11,7.8,80
39,Bol Bol,Den,C-F,22.4,13,6.2,12.9,17.6,3,0.667,23,0.609,4,0.25,2.5,1.5,13.8,0.4,9.1,0.08,0.15,0.31,7.4,71
40,Leandro Bolmaro,Min,F,21.58,35,6.9,14.3,12.6,13,0.846,36,0.333,18,0.278,1.4,1.2,9.5,0.6,11,0.17,0,0.37,5.8,71
41,Devin Booker,Pho,G,25.44,68,34.5,71.8,32,363,0.868,943,0.508,478,0.383,26.8,5,7.8,4.8,22.4,1.13,0.38,2.38,10,91
42,Chris Boucher,Tor,F-C,29.25,80,21.1,44,17.8,193,0.777,348,0.575,229,0.297,9.4,6.2,15.8,0.3,2.2,0.6,0.94,0.54,4.9,76
43,James Bouknight,Cha,G,21.56,31,9.8,20.5,23.7,31,0.871,92,0.348,49,0.347,4.6,1.7,9,0.8,11.8,0.23,0.03,0.48,7.5,72
44,Tony Bradley,Chi,C-F,24.26,55,10,20.8,13.6,29,0.655,123,0.585,0,0,3,3.4,19.1,0.5,6.7,0.2,0.6,0.62,6.9,74
45,Mikal Bridges,Pho,F,25.61,82,34.8,72.5,15,157,0.834,546,0.628,311,0.37,14.2,4.2,6.5,2.3,8.7,1.17,0.44,0.83,5.9,83
46,Oshae Brissett,Ind,F-G,23.81,67,23.3,48.6,17.3,164,0.695,269,0.465,237,0.35,9.1,5.3,12.8,1.1,6.4,0.64,0.43,0.81,6.5,75
47,Malcolm Brogdon,Ind,G,29.33,36,33.5,69.8,24.6,167,0.856,357,0.518,186,0.312,19.1,5.1,8.6,5.9,26.9,0.86,0.39,2.14,9.9,82
48,Armoni Brooks,Hou,G,23.85,41,16.8,35.1,17.4,19,0.842,38,0.605,213,0.3,6.2,2,6.4,1.2,10.3,0.51,0.2,0.56,5.9,71
49,Armoni Brooks,Tor,G,23.85,13,11.8,24.6,11.9,2,1,2,0.5,36,0.278,2.6,1.7,7.8,1,11,0.54,0.23,0.31,5.6,71
50,Dillon Brooks,Mem,G-F,26.22,32,27.7,57.6,28.8,106,0.849,377,0.48,149,0.309,18.4,3.2,6,2.8,15.4,1.13,0.25,1.56,7.9,80
51,Bruce Brown,Bro,G-F,25.65,72,24.6,51.3,15,128,0.758,412,0.529,94,0.404,9,4.8,10.6,2.1,11.5,1.07,0.72,0.78,7.3,76
52,Jaylen Brown,Bos,G-F,25.46,66,33.6,70.1,30.5,318,0.758,753,0.544,464,0.358,23.6,6.1,9.8,3.5,17.9,1.05,0.27,2.7,9.5,87
53,Moses Brown,Dal,C,22.49,26,6.5,13.5,22.1,43,0.628,50,0.54,0,0,3.1,2.3,20.1,0,0.9,0.12,0.35,0.54,0,72
54,Moses Brown,Cle,C,22.49,14,12.5,26.1,19.3,29,0.552,58,0.638,0,0,6.4,5.3,23.3,0,0,0.29,0.57,0.43,0,72
55,Sterling Brown,Dal,G-F,27.16,49,12.8,26.7,13.2,15,0.933,63,0.492,92,0.304,3.3,3,13.2,0.7,7.5,0.29,0.14,0.47,6,70
56,Jalen Brunson,Dal,G,25.61,79,31.9,66.6,21.9,213,0.84,756,0.545,252,0.373,16.3,3.9,6.8,4.8,24.3,0.84,0.04,1.57,8.4,83
57,Thomas Bryant,Was,C-F,24.7,27,16.3,33.9,18.7,40,0.875,106,0.613,42,0.286,7.4,4,13.6,0.9,7.9,0.22,0.78,0.7,7.3,76
58,Reggie Bullock,Dal,G-F,31.07,68,28,58.3,13.3,48,0.833,109,0.55,392,0.36,8.6,3.5,7,1.2,6.1,0.6,0.21,0.59,4.7,75
59,Trey Burke,Dal,G,29.41,42,10.5,21.9,25.6,23,0.87,133,0.436,82,0.317,5.1,0.8,4.2,1.4,20.7,0.29,0,0.62,6.8,71
60,Alec Burks,Nyk,G,30.73,81,28.6,59.6,17.7,264,0.822,339,0.378,389,0.404,11.7,4.9,9.1,3,15.7,1.05,0.32,1.12,7.8,76
61,Jared Butler,Uta,G,21.63,42,8.6,17.8,23.1,16,0.688,63,0.524,88,0.318,3.8,1.1,6.8,1.5,26,0.4,0.19,0.79,8.6,74
62,Jimmy Butler,Mia,F,32.57,57,33.9,70.6,26.5,455,0.87,714,0.52,116,0.233,21.4,5.9,9.9,5.5,26.4,1.65,0.47,2.12,10.4,93
63,Devontae Cacok,San,F,25.51,15,8.1,16.8,12.9,7,0.571,31,0.677,0,0,3.1,2.8,18.2,0.4,6.9,0.53,0.47,0.2,7.5,70
64,Kentavious Caldwell-Pope,Was,G,29.14,77,30.2,63,19,154,0.89,422,0.479,408,0.39,13.2,3.4,6.2,1.9,9.1,1.08,0.34,1.26,5.8,76
65,Vlatko Cancar,Den,F,25,15,11.8,24.5,14,14,0.643,29,0.552,12,0.583,4.1,2.1,9.8,1.1,13.2,0.13,0.2,0.6,7.2,71
66,Devin Cannady,Orl,G,25.89,5,28.9,60.2,15.6,7,0.714,7,0,37,0.405,10,1.2,2.2,2,10,1,0.6,1,4,67
67,Clint Capela,Atl,C,27.9,74,27.6,57.5,15.5,169,0.473,603,0.614,1,0,11.1,11.9,23.5,1.2,6.6,0.76,1.26,0.59,7.8,84
68,Jevon Carter,Bro,G,26.57,46,12,25,15.9,10,0.7,47,0.34,127,0.331,3.6,1.5,6.6,1,10.9,0.3,0.22,0.57,5.8,72
69,Jevon Carter,Mil,G,26.57,20,17.7,36.8,10.9,8,1,36,0.444,43,0.558,5.6,2.2,6.5,2.5,18.8,0.5,0.2,0.4,7.1,72
70,Alex Caruso,Chi,G,28.12,41,28,58.3,13.3,73,0.795,130,0.462,126,0.333,7.4,3.6,7.3,4,18.5,1.73,0.37,1.39,6.8,77
71,Justin Champagnie,Tor,G-F,20.78,36,7.8,16.3,12,9,1,39,0.538,28,0.357,2.3,2,13.9,0.3,5.4,0.22,0.11,0.22,5.7,70
72,Marquese Chriss,Dal,F,24.78,34,10.2,21.2,21.6,33,0.667,109,0.495,25,0.32,4.5,3,16.6,0.5,7.7,0.38,0.35,0.5,7.4,73
73,Josh Christopher,Hou,G,20.34,74,18,37.5,21.1,113,0.735,311,0.54,189,0.296,7.9,2.5,7.6,2,17.3,0.91,0.18,1.54,7.6,75
74,Brandon Clarke,Mem,F,25.56,64,19.5,40.6,17.7,130,0.654,425,0.666,22,0.227,10.4,5.3,14.3,1.3,10.3,0.59,1.06,0.53,8.5,76
75,Jordan Clarkson,Uta,G,29.84,79,27.1,56.5,26.8,174,0.828,516,0.535,597,0.318,16,3.5,7,2.5,14.5,0.84,0.2,1.63,7.7,77
76,Amir Coffey,Lac,G-F,24.82,69,22.7,47.3,15.8,117,0.863,212,0.542,254,0.378,9,2.9,6.6,1.8,11.4,0.55,0.22,0.65,6.4,75
77,John Collins,Atl,F-C,24.55,54,30.8,64.1,20.5,169,0.793,468,0.588,176,0.364,16.2,7.8,13.9,1.8,8.9,0.61,1.04,1.11,7.9,83
78,Zach Collins,San,F-C,24.39,28,17.9,37.4,19.2,65,0.8,114,0.544,41,0.341,7.8,5.5,16,2.2,16.3,0.5,0.79,1.61,10.2,74
79,Mike Conley,Uta,G,34.5,72,28.6,59.6,20.9,162,0.796,377,0.464,414,0.408,13.7,3,5.8,5.3,27.7,1.33,0.29,1.71,8.4,82
80,Pat Connaughton,Mil,G,29.26,65,26,54.2,14,54,0.833,126,0.643,370,0.395,9.9,4.2,8.6,1.3,6.6,0.89,0.23,0.54,5.8,76
81,Robert Covington,Por,F,31.32,48,29.8,62.1,12.4,36,0.833,106,0.462,230,0.343,7.6,5.7,10.5,1.4,6.7,1.54,1.31,1.21,5.3,76
82,Robert Covington,Lac,F,31.32,23,22.1,46.1,16.7,33,0.848,53,0.604,109,0.45,10.4,5.1,12,1,7,1.22,1.22,0.74,6.8,76
83,Torrey Craig,Ind,F,31.31,51,20.3,42.2,13.9,35,0.771,143,0.573,138,0.333,6.5,3.8,10.5,1.1,7.7,0.47,0.37,0.76,5.9,74
84,Torrey Craig,Pho,F,31.31,27,20.8,43.4,15,17,0.706,64,0.641,96,0.323,6.9,4.3,11,1.2,7.5,0.81,0.63,1.04,6.3,74
85,Jae Crowder,Pho,F,31.77,67,28.1,58.6,14.6,90,0.789,179,0.503,365,0.348,9.4,5.3,10.1,1.9,8.3,1.42,0.45,0.82,6.5,76
86,Cade Cunningham,Det,G,20.54,64,32.6,68,27.5,168,0.845,668,0.472,363,0.314,17.4,5.5,9.2,5.6,29.1,1.22,0.67,3.66,10,84
87,Seth Curry,Phi,G,31.63,45,34.8,72.5,18.5,73,0.877,278,0.561,250,0.4,15,3.4,5.4,4,17.7,0.8,0.24,1.87,6.8,78
88,Seth Curry,Bro,G,31.63,19,29.9,62.3,18.5,21,0.857,87,0.529,124,0.468,14.9,2.6,4.7,2.6,12.5,0.95,0.16,1.32,6.2,78
89,Stephen Curry,Gol,G,34.07,64,34.6,72,30.8,298,0.923,474,0.527,750,0.38,25.5,5.2,8.2,6.3,30.4,1.33,0.36,3.22,10.9,96
90,Anthony Davis,Lal,F-C,29.09,40,35.1,73.1,27.1,244,0.713,625,0.571,70,0.186,23.2,9.9,15,3.1,14.7,1.23,2.25,2.05,10.2,90
91,Terence Davis,Sac,G,24.9,30,17.9,37.2,25.6,44,0.818,118,0.542,149,0.329,10.4,3.1,9.5,1.3,11.9,0.83,0.37,1.1,7.8,76
92,Dewayne Dedmon,Mia,C,32.66,67,15.9,33.1,16.9,100,0.75,243,0.597,47,0.404,6.3,5.7,20.5,0.7,6.7,0.36,0.63,1.04,7.4,75
93,DeMar DeRozan,Chi,G-F,32.68,76,36.1,75.2,31.8,593,0.877,1393,0.52,142,0.352,27.9,5.2,8,4.9,23.3,0.89,0.32,2.38,9.9,89
94,Hamidou Diallo,Det,G,23.7,58,21.9,45.6,21.8,140,0.65,433,0.55,93,0.247,11,4.8,11.8,1.3,9.8,1.22,0.29,1,7.5,76
95,Gorgui Dieng,Atl,C,32.23,44,8.4,17.6,16.9,26,0.731,44,0.545,68,0.426,3.5,2.8,17.8,0.8,12.7,0.25,0.3,0.45,9.5,74
96,Spencer Dinwiddie,Was,G,29.01,44,30.2,63,21,143,0.811,266,0.432,226,0.31,12.6,4.7,8.6,5.8,27.5,0.61,0.16,1.66,9.3,80
97,Spencer Dinwiddie,Dal,G,29.01,23,28.3,58.9,22.3,109,0.725,139,0.568,104,0.404,15.8,3.2,6.2,3.9,22,0.74,0.26,1.35,8.2,80
98,Donte DiVincenzo,Mil,G,25.19,17,20.1,41.8,19.8,27,0.852,44,0.409,74,0.284,7.2,3.5,9.3,1.7,11.3,0.65,0.18,1.65,7,75
99,Donte DiVincenzo,Sac,G,25.19,25,26.6,55.4,18.5,56,0.839,74,0.351,144,0.368,10.3,4.4,9,3.6,18.6,1.48,0.2,1.76,8.2,75
100,Luka Doncic,Dal,F-G,23.12,65,35.4,73.7,37.4,489,0.744,834,0.528,569,0.353,28.4,9.1,14.3,8.7,46,1.15,0.55,4.49,14.8,95
101,Luguentz Dort,Okc,G,22.98,51,32.7,68,23.3,191,0.843,335,0.487,391,0.332,17.2,4.2,6.5,1.7,8.6,0.9,0.35,1.73,6.1,77
102,Ayo Dosunmu,Chi,G,22.23,77,27.4,57.1,14.1,78,0.679,349,0.596,186,0.376,8.8,2.8,5.7,3.3,16.5,0.79,0.38,1.4,6.3,76
103,Jeff Dowtin,Gol,G,24.92,4,6.9,14.4,11,0,0,5,0.6,1,0,1.5,1.8,13.7,0.8,14.8,0,0.25,0.25,7.5,67
104,Jeff Dowtin,Mil,G,24.92,1,3,6.3,14.2,0,0,0,0,1,0,0,0,0,0,0,0,0,0,0,67
105,Jeff Dowtin,Orl,G,24.92,4,19.3,40.3,13.4,2,1,12,0.333,7,0.143,3.3,2.8,7.5,1.8,12.4,1.25,0,1,5.3,67
106,Goran Dragic,Tor,G,35.93,5,18,37.4,18.8,10,1,20,0.45,14,0.286,8,2.8,8.4,1.8,14.4,1,0.2,0.2,7.6,74
107,Goran Dragic,Bro,G,35.93,16,25.5,53.1,16.9,23,0.739,68,0.471,49,0.245,7.3,3.2,6.8,4.8,24.7,0.88,0.19,2.06,7.6,74
108,Andre Drummond,Phi,C,28.67,49,18.4,38.4,17.6,82,0.512,236,0.542,2,0,6.1,8.8,26.8,2,16,1.16,0.92,1.61,10.3,79
109,Andre Drummond,Bro,C,28.67,24,22.3,46.4,21.5,82,0.537,194,0.613,1,0,11.8,10.3,25.3,1.4,9.8,0.88,1,1.5,9.9,79
110,Chris Duarte,Ind,G,24.83,55,28,58.4,21.1,112,0.804,366,0.475,255,0.369,13.1,4.1,8.2,2.1,10.9,1.02,0.18,1.64,6.9,77
111,Kevin Durant,Bro,F,33.53,55,37.2,77.6,31.2,409,0.91,815,0.568,300,0.383,29.9,7.4,10.8,6.4,29.1,0.87,0.95,3.47,12.1,96
112,Anthony Edwards,Min,G,20.68,72,34.3,71.4,26.4,280,0.786,642,0.52,602,0.357,21.3,4.8,7.4,3.8,17.4,1.46,0.64,2.65,8.5,86
113,Kessler Edwards,Bro,F,21.67,48,20.6,42.9,13.8,19,0.842,131,0.473,136,0.353,5.9,3.6,9.5,0.6,4.1,0.6,0.5,0.88,4.5,71
114,CJ Elleby,Por,F-G,21.82,58,20.2,42.2,14.8,84,0.714,182,0.462,126,0.294,5.8,3.9,10.6,1.5,10.6,0.6,0.33,0.97,6.4,72
115,Joel Embiid,Phi,C-F,28.07,68,33.8,70.4,37.2,803,0.814,1083,0.529,251,0.371,30.6,11.7,19.4,4.2,23.6,1.13,1.47,3.15,13.6,96
116,Drew Eubanks,San,F-C,25.19,49,12.1,25.3,17,79,0.747,151,0.55,8,0.125,4.7,4,17.3,1,11.2,0.27,0.61,0.94,8.8,75
117,Drew Eubanks,Por,F-C,25.19,22,29.5,61.6,18,51,0.784,197,0.675,15,0.267,14.5,8.5,15.7,1.6,9.1,0.82,0.45,1.59,7.9,75
118,Derrick Favors,Okc,F,30.74,39,16.7,34.9,13.4,25,0.64,166,0.554,16,0.125,5.3,4.7,14.5,0.6,5.9,0.44,0.31,0.23,5.9,75
119,Dorian Finney-Smith,Dal,F,28.94,80,33,68.8,13.8,83,0.675,257,0.599,435,0.395,11,4.7,7.9,1.9,8.2,1.1,0.49,1,5.6,78
120,Bryn Forbes,San,G,28.72,40,16.9,35.2,21.9,49,0.898,145,0.448,151,0.417,9.1,1.6,4.9,1,8.6,0.43,0.08,0.83,5.8,73
121,Bryn Forbes,Den,G,28.72,35,17.4,36.3,20.3,38,0.921,99,0.444,144,0.41,8.6,0.9,2.7,1,8,0.23,0.06,0.66,4.5,73
122,Evan Fournier,Nyk,G-F,29.45,80,29.5,61.4,20.8,113,0.708,346,0.465,619,0.389,14.1,2.6,4.7,2.1,11.9,0.99,0.25,1.31,5.8,76
123,De'Aaron Fox,Sac,G,24.31,59,35.3,73.6,29.1,348,0.75,843,0.524,249,0.297,23.2,3.9,6,5.6,26.8,1.15,0.42,2.85,9,84
124,Markelle Fultz,Orl,G,23.87,18,20,41.6,27.5,31,0.806,158,0.5,17,0.235,10.8,2.7,7.2,5.5,48.9,1.11,0.28,2.22,10.9,77
125,Wenyen Gabriel,Bro,F,25.04,1,1.3,2.7,0,0,0,0,0,0,0,0,1,41.9,0,0,0,0,0,0,71
126,Wenyen Gabriel,Lac,F,25.04,6,7.7,16.1,16.9,4,0.5,8,0.375,5,0.4,2.3,2.3,15.8,0.3,6,0.17,0.33,0.5,6.1,71
127,Wenyen Gabriel,Lal,F,25.04,19,16.4,34.1,17.5,38,0.605,74,0.581,23,0.261,6.7,4.3,14.1,0.6,5.5,0.21,0.47,0.68,6.3,71
128,Daniel Gafford,Was,F-C,23.53,72,20.1,41.8,16.7,153,0.699,409,0.697,1,0,9.4,5.7,15.6,0.9,7.3,0.42,1.38,0.9,7.2,77
129,Danilo Gallinari,Atl,F,33.67,66,25.3,52.8,18.4,156,0.904,303,0.485,294,0.381,11.7,4.7,10.1,1.5,8.5,0.42,0.18,0.58,6.9,78
130,Darius Garland,Cle,G,22.21,68,35.7,74.4,27.8,241,0.892,719,0.512,454,0.383,21.7,3.3,5.1,8.6,39.9,1.31,0.1,3.65,9.5,87
131,Marcus Garrett,Mia,G,23.42,12,10.7,22.3,8.8,5,0.4,17,0.235,4,0.25,1.1,1.9,10.2,0.6,7,0.42,0.25,0.17,4,68
132,Usman Garuba,Hou,F,20.09,24,10,20.8,9.4,7,0.714,24,0.583,20,0.25,2,3.5,19,0.7,9.6,0.42,0.46,0.25,6.8,73
133,Luka Garza,Det,C,23.29,32,12.2,25.3,21.2,61,0.623,98,0.51,49,0.327,5.8,3.1,13.9,0.6,8.3,0.28,0.19,0.56,7.2,71
134,Rudy Gay,Uta,F-G,35.65,55,18.9,39.3,19.3,79,0.785,176,0.494,203,0.345,8.1,4.4,12.7,1,7.8,0.45,0.35,0.85,7,75
135,Paul George,Lac,F,31.94,31,34.8,72.4,33.8,148,0.858,379,0.467,257,0.354,24.3,6.9,10.4,5.7,28.1,2.16,0.42,4.06,11.3,88
136,Taj Gibson,Nyk,F,36.8,52,18.2,37.9,10,52,0.808,128,0.555,38,0.395,4.4,4.4,12.9,0.6,4.9,0.42,0.77,0.52,5,74
137,Josh Giddey,Okc,G,19.5,54,31.5,65.6,22.2,79,0.709,457,0.492,213,0.263,12.5,7.8,12.7,6.4,32.3,0.94,0.37,3.17,10.9,82
138,Shai Gilgeous-Alexander,Okc,G-F,23.75,56,34.7,72.2,30.8,405,0.81,755,0.514,297,0.3,24.5,5,7.4,5.9,31.1,1.29,0.8,2.75,10.3,87
139,Anthony Gill,Was,F,29.48,44,10.5,21.9,14.4,52,0.808,83,0.578,26,0.538,4.1,1.9,10.1,0.6,8.3,0.11,0.25,0.41,6.4,72
140,Rudy Gobert,Uta,C,29.79,66,32.1,66.9,16.9,439,0.69,504,0.718,4,0,15.6,14.7,24.9,1.1,5,0.68,2.09,1.8,7.9,88
141,Aaron Gordon,Den,F,26.57,75,31.7,66,19.7,230,0.743,574,0.605,260,0.335,15,5.8,10.3,2.5,11.6,0.59,0.59,1.77,7.6,79
142,Eric Gordon,Hou,G,33.29,57,29.3,61,18.6,135,0.778,263,0.548,301,0.412,13.4,2,3.7,2.7,14,0.49,0.32,1.88,5.7,75
143,Jerami Grant,Det,F,28.08,47,31.9,66.5,25.7,259,0.838,445,0.465,254,0.358,19.2,4.1,6.9,2.4,12.5,0.94,1.04,1.81,7.2,82
144,Danny Green,Phi,G,34.8,62,21.8,45.5,12.3,14,0.786,49,0.469,271,0.38,5.9,2.5,6.5,1,6.5,0.95,0.6,0.73,4.5,73
145,Draymond Green,Gol,F,32.1,46,28.9,60.2,14.3,91,0.659,203,0.586,54,0.296,7.5,7.3,13.7,7,32.5,1.35,1.09,3.02,10.1,83
146,Javonte Green,Chi,G-F,28.72,65,23.4,48.7,11.5,96,0.833,224,0.625,101,0.356,7.2,4.2,10.2,0.9,5.3,1,0.49,0.46,5.1,76
147,Jalen Green,Hou,G,20.17,67,31.9,66.5,23.7,236,0.797,496,0.502,458,0.343,17.3,3.4,5.8,2.6,13.1,0.64,0.27,2.01,6.7,82
148,JaMychal Green,Den,F-C,31.81,67,16.2,33.8,17.2,93,0.871,203,0.621,124,0.266,6.4,4.2,14.5,0.9,7.6,0.64,0.39,0.85,7.1,76
149,Jeff Green,Den,F,35.62,75,24.7,51.4,16.3,198,0.833,361,0.62,168,0.315,10.3,3.1,7,1.3,7.3,0.39,0.36,0.95,5.6,76
150,Josh Green,Dal,G,21.4,67,15.5,32.3,13.9,45,0.689,178,0.573,78,0.359,4.8,2.4,8.7,1.2,11,0.67,0.21,0.66,6.2,73
151,Quentin Grimes,Nyk,G,21.92,46,17.1,35.6,15.1,19,0.684,46,0.5,189,0.381,6,2,6.4,1,8.5,0.67,0.24,0.61,5.4,72
152,Rui Hachimura,Was,F,24.17,42,22.5,46.8,20.9,66,0.697,258,0.512,123,0.447,11.3,3.8,9.4,1.1,7.9,0.55,0.21,0.79,6.4,76
153,Tyrese Haliburton,Sac,G,22.11,51,34.4,71.8,18.3,104,0.837,334,0.491,252,0.413,14.3,3.9,6.1,7.4,31.5,1.69,0.67,2.25,8.7,84
154,Tyrese Haliburton,Ind,G,22.11,26,36.1,75.1,20.3,86,0.849,184,0.571,137,0.416,17.5,4.3,6.6,9.6,38.9,1.85,0.58,3.31,9.9,84
155,Tyler Hall,Nyk,G,25.05,1,1.9,4,0,0,0,0,0,0,0,0,0,0,0,0,0,0,0,0,66
156,James Harden,Bro,G,32.63,44,37,77.1,28.3,350,0.869,399,0.476,307,0.332,22.5,8,11.7,10.2,39.7,1.27,0.7,4.82,13.2,89
157,James Harden,Phi,G,32.63,21,37.7,78.6,24.9,186,0.892,145,0.476,141,0.326,21,7,10.4,10.5,41.4,1.29,0.24,3.43,12.3,89
158,Gary Harris,Orl,G,27.57,61,28.4,59.1,16.4,95,0.874,251,0.494,302,0.384,11.1,2,3.7,1.8,9.5,0.97,0.15,1,4.8,74
159,Joe Harris,Bro,G-F,30.6,14,30.2,62.9,14.5,6,0.833,36,0.417,88,0.466,11.3,4,7.2,1,4.5,0.5,0.14,1.14,4.7,76
160,Tobias Harris,Phi,F,29.74,73,34.8,72.6,21.7,202,0.842,747,0.525,275,0.367,17.2,6.8,10.9,3.4,15.9,0.64,0.59,1.59,8.5,82
161,Isaiah Hartenstein,Lac,C-F,23.93,68,17.9,37.2,18.4,132,0.689,336,0.64,30,0.467,8.3,4.9,14.3,2.4,20.5,0.75,1.13,1.24,10.3,74
162,Josh Hart,Nor,G,27.1,41,33.5,69.8,16.7,154,0.753,256,0.598,130,0.323,13.4,7.8,12.8,4.1,17.7,1.1,0.27,1.98,9,80
163,Josh Hart,Por,G,27.1,13,32.1,66.8,25.1,57,0.772,100,0.61,83,0.373,19.9,5.4,9.2,4.3,23.1,1.23,0.15,2.54,9.6,80
164,Udonis Haslem,Mia,F,41.84,13,6.4,13.3,20,3,1,27,0.481,4,0.25,2.5,1.9,17,0.3,7.4,0.08,0.08,0.38,7,70
165,Sam Hauser,Bos,F,24.34,26,6.1,12.6,14.5,0,0,6,0.667,44,0.432,2.5,1.1,10,0.4,9.2,0.04,0.08,0.08,6.8,71
166,Jaxson Hayes,Nor,C-F,21.88,70,20,41.6,16.5,188,0.766,341,0.66,58,0.345,9.3,4.5,12.5,0.6,4.7,0.49,0.79,0.77,5.9,76
167,Killian Hayes,Det,G,20.71,66,25,52,15.7,74,0.77,292,0.452,167,0.263,6.9,3.2,6.9,4.2,24.6,1.18,0.53,1.68,7.2,71
168,Gordon Hayward,Cha,F,32.05,49,31.9,66.5,20.8,149,0.846,397,0.496,220,0.391,15.9,4.6,7.6,3.6,16.1,0.96,0.45,1.65,8,80
169,Willy Hernangomez,Nor,C-F,27.87,49,17.1,35.7,22.5,141,0.773,315,0.527,12,0.333,9.2,6.9,22.3,1.3,11.9,0.43,0.39,1.04,10.2,74
170,Tyler Herro,Mia,G,22.22,66,32.6,67.9,28.8,219,0.868,683,0.477,439,0.399,20.7,5,8.7,4,20.9,0.67,0.12,2.64,9.1,84
171,Buddy Hield,Sac,G,29.31,55,28.6,59.6,22.5,92,0.87,198,0.419,495,0.368,14.4,4,7.6,1.9,10,0.87,0.27,1.64,6.7,78
172,Buddy Hield,Ind,G,29.31,26,35.6,74.1,22.4,35,0.886,184,0.549,221,0.362,18.2,5.1,8,4.8,20.3,0.92,0.38,2.42,8.6,78
173,Haywood Highsmith,Mia,F,25.34,19,8.6,17.9,14,5,0.4,18,0.389,28,0.321,2.3,1.4,9,0.3,5.1,0.11,0.16,0.16,4.6,68
174,George Hill,Mil,G,35.94,54,23.2,48.3,11.7,62,0.919,141,0.546,134,0.306,6.2,2.9,6.6,2.2,12.4,0.78,0.11,0.76,5.9,73
175,Aaron Holiday,Was,G,25.53,41,16.2,33.7,18,35,0.8,147,0.524,67,0.343,6.1,1.6,5.6,1.9,17.1,0.59,0.22,0.95,6.5,75
176,Aaron Holiday,Pho,G,25.53,22,16.3,33.9,19.9,33,0.939,88,0.398,36,0.444,6.8,2.5,8.2,3.4,27.4,0.82,0,1.23,9.5,75
177,Jrue Holiday,Mil,G,31.83,67,32.9,68.6,23.5,180,0.761,633,0.547,321,0.411,18.3,4.5,7.3,6.8,31.8,1.6,0.43,2.73,10,86
178,Justin Holiday,Ind,F-G,33.02,49,28.9,60.2,15.9,41,0.829,122,0.516,336,0.378,11,2.8,5.3,1.8,8.8,0.73,0.37,1,5.3,72
179,Justin Holiday,Sac,F-G,33.02,25,25.6,53.4,15.7,21,0.762,58,0.362,146,0.342,8.3,2.2,4.7,1.5,8.1,0.84,0.6,0.84,4.7,72
180,Richaun Holmes,Sac,F,28.49,45,23.9,49.7,15.8,90,0.778,295,0.664,5,0.4,10.4,7,16,1.1,6.8,0.38,0.93,1.24,7.2,75
181,Al Horford,Bos,C-F,35.86,69,29.1,60.5,14.8,95,0.842,304,0.582,265,0.336,10.2,7.7,14.3,3.4,16.4,0.71,1.33,0.94,8.9,82
182,Talen Horton-Tucker,Lal,G,21.37,60,25.2,52.5,19.2,125,0.8,356,0.492,182,0.269,10,3.2,6.8,2.7,14.9,0.98,0.48,1.37,7,74
183,Kevin Huerter,Atl,G-F,23.62,74,29.6,61.6,17.5,52,0.808,349,0.53,411,0.389,12.1,3.4,6.4,2.7,13.2,0.73,0.35,1.23,6.5,76
184,Jay Huff,Lal,C,24.63,4,5.1,10.6,8.5,0,0,1,0,2,0,0,1,10.6,0.3,5.8,0.25,0.25,0.25,0,67
185,De'Andre Hunter,Atl,F-G,24.36,53,29.8,62,19.9,166,0.765,380,0.474,195,0.379,13.4,3.3,6.1,1.3,6.1,0.68,0.4,1.3,5.2,76
186,Feron Hunt,Nyk,F,22.77,2,4.2,8.8,15.7,0,0,2,0,0,0,0,0.5,6.4,0.5,15.3,0.5,0,0.5,0,67
187,Bones Hyland,Den,G,21.57,69,19,39.5,23.9,125,0.856,213,0.465,358,0.366,10.1,2.7,8,2.8,21.2,0.59,0.29,1.25,8.9,76
188,Serge Ibaka,Lac,F,32.56,35,15.4,32.1,19.4,29,0.69,130,0.538,62,0.387,6.6,4.3,14.6,1,10.2,0.2,0.74,0.94,7.9,75
189,Serge Ibaka,Mil,F,32.56,19,17.8,37.2,15.2,15,0.8,67,0.612,37,0.351,7,5.3,15.6,0.7,5.4,0.21,0.37,0.53,6.7,75
190,Joe Ingles,Uta,F-G,34.52,45,24.9,51.9,13.2,22,0.773,60,0.617,225,0.347,7.2,2.9,6.4,3.5,19,0.51,0.11,1.02,6.7,76
191,Brandon Ingram,Nor,F,24.61,55,34,70.8,29.3,322,0.826,757,0.501,226,0.327,22.7,5.8,9.5,5.6,27.8,0.62,0.45,2.75,10.6,86
192,Kyrie Irving,Bro,G,30.05,29,37.6,78.4,29.4,129,0.915,377,0.501,239,0.418,27.4,4.3,6.3,5.8,25.2,1.41,0.59,2.52,9.4,89
193,Isaiah Jackson,Ind,F,20.25,36,15,31.3,22.5,88,0.682,190,0.584,16,0.313,8.3,4.2,15.5,0.3,2.9,0.67,1.44,1.11,5.8,76
194,Josh Jackson,Det,G-F,25.16,39,18.1,37.8,19,56,0.714,138,0.529,113,0.265,7.1,3.2,9.4,1.3,10.7,0.54,0.46,0.97,6.8,72
195,Josh Jackson,Sac,G-F,25.16,12,10.2,21.3,23.5,21,0.714,32,0.438,17,0.176,4.3,1.5,7.9,0.4,5.8,0.42,0.33,0.75,5.4,72
196,Reggie Jackson,Lac,G,31.99,75,31.2,64.9,27.6,163,0.847,710,0.439,512,0.326,16.8,3.6,6.1,4.8,24.6,0.73,0.2,2.31,8.5,77
197,LeBron James,Lal,F,37.28,56,37.2,77.5,32.3,336,0.756,773,0.62,448,0.359,30.3,8.2,11.8,6.2,30.6,1.3,1.05,3.5,12.4,96
198,Ty Jerome,Okc,G-F,24.76,48,16.7,34.8,20.8,47,0.809,142,0.493,186,0.29,7.1,1.6,5,2.3,21.3,0.63,0.1,0.77,7.1,72
199,Isaiah Joe,Phi,G,22.78,55,11.1,23.1,15.4,31,0.935,42,0.405,135,0.333,3.6,1,5.1,0.6,8,0.25,0.05,0.35,4.7,69
200,Alize Johnson,Chi,F,25.97,16,7.5,15.7,12.5,7,0.571,21,0.571,2,0,1.8,2.3,16.8,0.5,8.6,0.19,0,0.5,6.8,72
201,Alize Johnson,Was,F,25.97,3,6.1,12.6,23.1,1,0,4,0.5,2,0,1.3,4,36.5,0,0,0,0,1,0,72
202,Alize Johnson,Nor,F,25.97,4,7.1,14.8,19.2,4,0.75,10,0.3,0,0,2.3,3.3,25.3,0.3,4.8,0.5,0,0.25,7.4,72
203,Cameron Johnson,Pho,F,26.1,66,26.2,54.6,17.6,114,0.86,216,0.523,391,0.425,12.5,4.1,8.5,1.5,7.7,0.86,0.24,0.73,6.5,80
204,Jalen Johnson,Atl,F,20.31,22,5.5,11.4,19.3,7,0.714,28,0.679,13,0.231,2.4,1.2,11.8,0.1,3.7,0.14,0.09,0.41,4.8,73
205,Keldon Johnson,San,F-G,22.5,75,31.9,66.4,21.3,234,0.756,612,0.51,399,0.398,17,6.1,10,2.1,9.5,0.77,0.19,1.23,7.5,82
206,Keon Johnson,Lac,G,20.09,15,9,18.7,22,21,0.762,40,0.35,11,0.273,3.5,1.4,8.2,0.9,13.7,0.47,0.13,0.47,7.3,71
207,Keon Johnson,Por,G,20.09,22,25.5,53.2,21,30,0.833,131,0.366,89,0.348,9.7,2.7,5.8,2.8,16.7,0.95,0.45,1.77,6.6,71
208,Stanley Johnson,Lal,F-G,25.87,48,22.8,47.5,12.5,74,0.716,146,0.575,105,0.314,6.7,3.2,7.6,1.7,9.8,0.9,0.29,0.73,5.8,72
209,Nikola Jokic,Den,C,27.14,74,33.5,69.7,31.9,468,0.81,1023,0.652,288,0.337,27.1,13.8,23,7.9,42.6,1.47,0.86,3.78,17.1,96
210,Carlik Jones,Dal,G,24.3,3,6.4,13.3,25.5,2,1,6,0,1,0,0.7,1,8.7,1.7,31.9,0.33,0,1,6.6,67
211,Carlik Jones,Den,G,24.3,2,2,4.2,21.9,0,0,2,0.5,0,0,1,0,0,0,0,0,0,0,0,67
212,Damian Jones,Sac,C,26.78,56,18.2,37.8,16.2,131,0.718,237,0.696,29,0.345,8.1,4.4,13.1,1.2,10.2,0.46,0.84,1.05,7.7,72
213,Kai Jones,Cha,C-F,21.23,21,3,6.2,15.9,8,0.375,12,0.667,2,0.5,1,0.6,10.1,0.2,8.6,0.05,0.1,0.29,6.6,72
214,Tre Jones,San,G,22.26,69,16.6,34.7,15.6,91,0.78,288,0.542,51,0.196,6,2.2,7.1,3.4,27,0.61,0.1,0.67,8.6,74
215,Tyus Jones,Mem,G,25.92,73,21.2,44.2,16.6,66,0.818,347,0.487,205,0.39,8.7,2.4,5.9,4.4,28.1,0.9,0.03,0.63,8.5,77
216,DeAndre Jordan,Lal,C,33.72,32,12.8,26.6,12.8,26,0.462,89,0.674,0,0,4.1,5.4,22.6,0.4,4.5,0.31,0.81,0.66,6.5,72
217,DeAndre Jordan,Phi,C,33.72,16,13.4,27.9,16,14,0.714,54,0.593,0,0,4.6,5.8,24,0.5,5.6,0.13,0.56,1,7.1,72
218,Cory Joseph,Det,G,30.64,65,24.6,51.3,14.3,113,0.885,243,0.465,157,0.414,8,2.7,5.9,3.6,21.8,0.65,0.26,1.31,6.9,73
219,Frank Kaminsky,Pho,F-C,29.02,9,20.1,41.9,19,20,0.9,51,0.608,15,0.333,10.6,4.6,12.1,1.4,10.1,0.89,0.78,0.56,8.1,74
220,Luke Kennard,Lac,G,25.8,70,27.4,57.1,16.8,77,0.896,216,0.449,423,0.449,11.9,3.3,6.3,2.1,11.2,0.6,0.09,0.86,6.4,76
221,Braxton Key,Phi,F,25.15,2,3.2,6.7,28.1,0,0,1,1,1,0,1,1,17.5,0.5,23.7,0.5,0,1,9.9,67
222,Braxton Key,Det,F,25.15,9,21.2,44.2,19,13,0.538,50,0.52,20,0.3,8.6,5.4,13.9,1.1,8.4,1.11,1.33,1,7,67
223,Corey Kispert,Was,F,23.11,77,23.4,48.7,14.6,62,0.871,194,0.629,320,0.35,8.2,2.7,6.4,1.1,6.7,0.44,0.29,0.65,5,75
224,Maxi Kleber,Dal,F,30.2,59,24.6,51.2,13.3,65,0.708,99,0.586,255,0.325,7,5.9,13.4,1.2,6.5,0.51,0.98,0.8,6,75
225,Nathan Knight,Min,F-C,24.56,37,7.2,15.1,20.7,60,0.733,75,0.547,13,0.308,3.7,2.3,17,0.6,11.9,0.19,0.22,0.49,9.6,71
226,John Konchar,Mem,G,26.05,72,17.9,37.4,9.9,49,0.551,136,0.61,126,0.413,4.8,4.6,13.3,1.5,10.6,0.64,0.31,0.4,7.2,75
227,Furkan Korkmaz,Phi,G-F,24.72,67,21.1,44,17.6,84,0.81,204,0.515,266,0.289,7.6,2.6,6.9,1.9,13.1,0.49,0.13,0.72,6.3,73
228,Luke Kornet,Cle,F-C,26.74,2,7.5,15.5,18.8,3,0.667,4,0.25,1,0,2,1.5,11.1,0.5,8.9,0,0.5,0,6.1,70
229,Luke Kornet,Mil,F-C,26.74,1,3,6.3,14.2,0,0,1,0,0,0,0,1,17.7,0,0,0,0,0,0,70
230,Luke Kornet,Bos,F-C,26.74,12,7.1,14.8,11.5,3,0.667,17,0.706,4,0,2.2,2.1,15.8,0.7,13.4,0.33,0.17,0,8.3,70
231,Vit Krejci,Okc,G,21.81,30,23,47.9,12.9,22,0.864,69,0.522,98,0.327,6.2,3.4,7.5,1.9,11.9,0.63,0.27,0.97,6,70
232,Jonathan Kuminga,Gol,F,19.51,70,16.9,35.3,22.8,190,0.684,311,0.598,149,0.336,9.3,3.3,10.7,0.9,8.4,0.44,0.31,1.06,7.2,78
233,Kyle Kuzma,Was,F,26.72,66,33.4,69.6,24.2,219,0.712,561,0.526,375,0.341,17.1,8.5,14.1,3.5,16.3,0.64,0.86,2.55,9.6,81
234,Jock Landale,San,C,26.46,54,10.9,22.7,18.2,41,0.829,115,0.626,89,0.326,4.9,2.6,12.3,0.8,10.6,0.19,0.26,0.57,8,70
235,Romeo Langford,Bos,G-F,22.46,44,16.6,34.5,13,34,0.588,101,0.495,83,0.349,4.7,2.4,7.7,0.4,3.6,0.48,0.36,0.36,4,70
236,Romeo Langford,San,G-F,22.46,4,10.7,22.2,10.4,8,0.375,5,0.8,2,0,2.8,1,4.9,0.5,5.9,0.25,0,0,4.2,70
237,Zach LaVine,Chi,G-F,27.09,67,34.7,72.4,28.8,375,0.853,711,0.534,475,0.389,24.4,4.6,7.5,4.5,20.8,0.61,0.34,2.55,9.2,88
238,Damion Lee,Gol,G-F,29.47,63,19.9,41.6,15.8,75,0.88,196,0.541,187,0.337,7.4,3.2,8.8,1,7.1,0.6,0.1,0.6,5.8,73
239,Saben Lee,Det,G,22.8,37,16.3,34,17.3,71,0.789,117,0.47,60,0.233,5.6,2.3,7.7,2.9,26.2,0.95,0.3,0.97,8.2,74
240,Alex Len,Sac,C,28.82,39,15.9,33.1,17.1,63,0.651,155,0.568,21,0.286,6,4.1,14.1,1.2,10.6,0.33,0.64,1.1,7.8,74
241,Caris LeVert,Ind,G,27.63,39,31.1,64.8,26.8,146,0.76,433,0.501,189,0.323,18.7,3.8,6.9,4.4,22.8,0.9,0.46,1.92,8.7,78
242,Caris LeVert,Cle,G,27.63,19,29.8,62.2,22.3,47,0.745,165,0.485,67,0.313,13.6,3.4,6.2,3.9,20.5,0.84,0.26,1.74,7.6,78
243,Damian Lillard,Por,G,31.74,29,36.4,75.9,29.3,181,0.878,268,0.485,284,0.324,24,4.1,6.2,7.3,34,0.59,0.38,2.86,9.8,89
244,Nassir Little,Por,F-G,22.16,42,25.9,54,15.8,94,0.734,161,0.584,154,0.331,9.8,5.6,11.9,1.3,7.4,0.6,0.86,0.95,6.4,76
245,Isaiah Livers,Det,F,23.7,19,20.2,42,12.4,14,0.857,26,0.538,64,0.422,6.4,3,8,1.2,8.4,0.68,0.37,0.79,5.6,72
246,Kevon Looney,Gol,F,26.18,82,21.1,44,12.3,125,0.6,363,0.573,1,0,6,7.3,18.7,2,13.2,0.61,0.63,0.82,8.4,75
247,Brook Lopez,Mil,C,34.03,13,23,47.8,21.9,23,0.87,78,0.538,53,0.358,12.4,4.1,9.4,0.5,3,0.62,1.15,0.92,5.1,80
248,Robin Lopez,Orl,C,34.03,36,17,35.4,18.9,54,0.593,193,0.56,6,0.333,7.1,3.5,10.9,1.5,14.4,0.06,0.5,1.22,7.9,75
249,Didi Louzada,Nor,G,20,2,3.5,7.2,18.7,0,0,0,0,3,0,0,1,16.1,0.5,17.4,0,0,0,0,68
250,Didi Louzada,Por,G,20,7,17.5,36.4,12.7,2,1,10,0.3,20,0.45,5,2.1,6.7,0.6,4.6,0.29,0.29,0.71,4.2,68
251,Kevin Love,Cle,F-C,33.59,74,22.5,46.9,25.1,198,0.838,284,0.493,477,0.392,13.6,7.2,17.8,2.2,15.3,0.35,0.24,1.32,10.7,80
252,Kyle Lowry,Mia,G,36.05,63,33.9,70.5,18.2,174,0.851,245,0.539,382,0.377,13.4,4.5,7.5,7.5,32.3,1.06,0.27,2.67,9.1,82
253,Trey Lyles,Det,F,26.43,51,19.4,40.4,22.3,176,0.784,238,0.55,146,0.301,10.4,4.8,13.3,1.1,9.5,0.43,0.51,1.06,7.8,75
254,Trey Lyles,Sac,F,26.43,24,22.8,47.5,17.8,67,0.851,115,0.557,63,0.365,10.6,5.6,13.4,1.3,8.1,0.29,0.25,0.79,7.5,75
255,Theo Maledon,Okc,G,20.83,51,17.8,37.1,20.3,100,0.79,167,0.449,150,0.293,7.1,2.6,7.4,2.2,18.5,0.61,0.22,1.27,7.7,72
256,Sandro Mamukelashvili,Mil,F-C,22.89,41,9.9,20.7,14.6,22,0.818,63,0.556,52,0.423,3.8,2,10.7,0.5,7.4,0.22,0.22,0.37,6.3,71
257,Terance Mann,Lac,G-F,25.48,81,28.6,59.6,16.1,164,0.78,482,0.535,208,0.365,10.8,5.2,9.6,2.6,13.1,0.68,0.26,1.04,7.4,75
258,Tre Mann,Okc,G,21.18,60,22.8,47.5,22,82,0.793,316,0.421,272,0.36,10.4,2.9,6.4,1.5,10.7,0.78,0.2,1.18,6.3,75
259,Boban Marjanovic,Dal,C,33.65,22,5.8,12.1,33.3,22,0.591,66,0.621,4,0.25,4.5,1.8,17,0.1,4.8,0,0.14,0.68,6.4,73
260,Lauri Markkanen,Cle,F-C,24.89,61,30.8,64.1,19.5,159,0.868,323,0.548,380,0.358,14.8,5.7,10.2,1.3,6.6,0.74,0.49,0.89,6.2,78
261,Naji Marshall,Nor,F,24.21,55,13.4,27.9,20.8,93,0.796,164,0.537,105,0.2,5.7,2.6,10.7,1.1,12.3,0.58,0.15,0.84,7.6,73
262,Caleb Martin,Mia,F,26.54,60,22.9,47.6,16.3,93,0.763,255,0.565,155,0.413,9.2,3.8,9.5,1.1,7,0.97,0.5,0.87,5.9,76
263,Cody Martin,Cha,F,26.54,71,26.3,54.7,12.1,107,0.701,264,0.542,159,0.384,7.7,4,8.1,2.5,12.4,1.24,0.45,0.86,6.5,75
264,Garrison Mathews,Hou,G,25.46,65,26.3,54.9,14.4,180,0.794,75,0.6,386,0.36,10,2.9,6.1,1,5.3,0.88,0.37,0.63,4.7,73
265,Wesley Matthews,Mil,G,35.49,49,20.5,42.6,10.7,28,0.786,63,0.54,157,0.338,5.1,1.9,4.9,0.7,4.6,0.47,0.16,0.37,3.7,72
266,Tyrese Maxey,Phi,G,21.43,75,35.3,73.6,20.2,246,0.866,686,0.512,309,0.427,17.5,3.2,5.1,4.3,19.1,0.73,0.43,1.17,7,85
267,Miles McBride,Nyk,G,21.59,40,9.3,19.4,13.9,12,0.667,40,0.375,68,0.25,2.2,1,5.9,1,15.9,0.35,0.03,0.13,5.6,71
268,Mac McClung,Chi,G,23.26,1,2.6,5.4,33.9,0,0,1,1,0,0,2,0,0,0,0,0,0,1,0,67
269,Mac McClung,Lal,G,23.26,1,21.8,45.4,14.7,1,1,2,0.5,3,0.333,6,3,7.4,1,6,1,1,2,4.8,67
270,CJ McCollum,Por,G,30.56,36,35.2,73.3,26.2,68,0.706,376,0.476,289,0.384,20.5,4.3,6.6,4.5,22.4,0.97,0.58,1.94,8.3,85
271,CJ McCollum,Nor,G,30.56,26,33.8,70.4,29.4,102,0.667,319,0.549,180,0.394,24.3,4.5,7.3,5.8,31.3,1.35,0.04,2.19,10.2,85
272,Jalen McDaniels,Cha,F-C,24.19,55,16.3,33.9,15.3,72,0.736,146,0.562,108,0.38,6.2,3.1,10.1,1.1,8.7,0.47,0.4,0.65,6.8,73
273,Jaden McDaniels,Min,F,21.53,70,25.8,53.7,15.3,71,0.803,302,0.579,252,0.317,9.2,4.2,8.7,1.1,6.1,0.74,0.77,1.07,5.4,75
274,Doug McDermott,San,F,30.27,51,24,50,18.3,51,0.784,209,0.512,256,0.422,11.3,2.3,4.9,1.3,7.3,0.27,0.12,0.84,5.4,74
275,JaVale McGee,Pho,C-F,34.23,74,15.8,33,22.8,146,0.699,449,0.637,9,0.222,9.2,6.7,22.7,0.6,5.4,0.3,1.09,1.32,8.4,77
276,Rodney McGruder,Det,G,30.7,51,14.8,30.8,14.9,26,0.731,80,0.5,146,0.397,5.4,2.2,8,0.9,9.6,0.41,0.14,0.47,6,71
277,Jordan McLaughlin,Min,G,26,62,14.5,30.3,11.8,40,0.75,115,0.53,85,0.318,3.8,1.5,5.6,2.9,26.1,0.92,0.16,0.61,7,75
278,De'Anthony Melton,Mem,G,23.87,73,22.7,47.3,21.3,120,0.75,323,0.44,372,0.374,10.8,4.5,10.3,2.7,16.1,1.41,0.53,1.53,9,77
279,Sam Merrill,Mem,G,25.9,6,9.6,20.1,19.7,4,0.5,1,1,23,0.304,4.2,1.2,6.3,0.7,9.1,0,0,0.33,6.3,71
280,Chimezie Metu,Sac,F-C,25.06,60,21.3,44.4,18.5,91,0.78,263,0.555,186,0.306,8.9,5.6,14.2,1,6.9,0.85,0.53,1.02,6.9,75
281,Khris Middleton,Mil,F,30.66,66,32.4,67.6,26.7,291,0.89,587,0.494,434,0.373,20.1,5.4,8.8,5.4,25.5,1.15,0.27,2.88,10.3,86
282,Shake Milton,Phi,G-F,25.54,55,21.4,44.7,18.2,73,0.836,270,0.481,133,0.323,8.2,2.6,6.7,2.5,17.6,0.51,0.31,0.8,7,74
283,Davion Mitchell,Sac,G,23.6,75,27.7,57.7,20.6,85,0.659,523,0.48,320,0.316,11.5,2.2,4.3,4.2,22.5,0.73,0.32,1.52,6.8,77
284,Donovan Mitchell,Uta,G,25.59,67,33.8,70.5,33,313,0.853,722,0.533,654,0.355,25.9,4.2,6.8,5.3,27.7,1.48,0.18,2.99,9.8,88
285,Evan Mobley,Cle,C,20.81,69,33.8,70.4,20.4,252,0.663,738,0.541,92,0.25,15,8.3,13.5,2.5,11.6,0.81,1.67,1.91,8,84
286,Malik Monk,Lal,G,24.18,76,28.1,58.6,20.1,117,0.795,384,0.568,442,0.391,13.8,3.4,6.4,2.9,15.2,0.82,0.38,1.61,7.3,76
287,Moses Moody,Gol,G,19.86,52,11.7,24.3,15.2,36,0.778,73,0.548,110,0.364,4.4,1.5,7.1,0.4,5.3,0.13,0.19,0.25,4.7,73
288,Xavier Moon,Lac,G,27.27,10,13.7,28.6,19,5,0.6,37,0.541,14,0.357,5.8,1.4,5.3,2.4,26.9,0.7,0.3,0.6,7.9,67
289,Ja Morant,Mem,G,22.67,57,33.1,69,33.7,415,0.761,920,0.535,256,0.344,27.4,5.7,9,6.7,34.1,1.16,0.39,3.44,12.3,93
290,Markieff Morris,Mia,F,32.61,17,17.6,36.6,20.6,9,0.889,75,0.547,39,0.333,7.6,2.6,8.6,1.4,12.1,0.35,0.06,1.18,6.9,72
291,Monte Morris,Den,G,26.79,75,29.9,62.2,17.4,84,0.869,459,0.545,314,0.395,12.6,3,5.6,4.4,21.4,0.73,0.19,1.04,7.4,79
292,Dejounte Murray,San,G,25.56,68,34.8,72.5,27.3,247,0.794,947,0.504,294,0.327,21.1,8.3,12.5,9.2,40.6,2.04,0.34,2.65,13.5,86
293,Mike Muscala,Okc,F-C,30.78,43,13.8,28.7,20.9,57,0.842,85,0.506,163,0.429,8,3,11.2,0.5,6.2,0.42,0.6,0.33,6.6,75
294,Aaron Nesmith,Bos,G-F,22.49,52,11,23,17.2,26,0.808,67,0.612,115,0.27,3.8,1.7,8.4,0.4,5.4,0.38,0.08,0.6,5,71
295,Raul Neto,Was,G,29.89,70,19.6,40.8,18.4,108,0.769,321,0.526,120,0.292,7.5,1.9,5.4,3.1,22.9,0.79,0.04,1.13,7.2,75
296,Georges Niang,Phi,F,28.82,76,22.8,47.6,16.8,59,0.881,176,0.511,387,0.403,9.2,2.7,6.5,1.3,8.7,0.39,0.16,0.78,5.6,73
297,Daishen Nix,Hou,G,20.16,24,10.9,22.6,17.3,30,0.533,41,0.488,26,0.269,3.2,1.4,6.9,1.7,21.5,0.58,0,1.08,7.2,67
298,Zeke Nnaji,Den,F-C,21.25,41,17,35.4,14.9,65,0.631,106,0.557,80,0.463,6.6,3.6,11.8,0.4,3.4,0.39,0.32,0.56,5,76
299,Nerlens Noel,Nyk,C-F,28,25,22.5,46.8,7.3,30,0.7,57,0.561,3,0,3.4,5.6,13.4,0.9,5.7,1.2,1.24,0.8,4.6,76
300,Jaylen Nowell,Min,G,22.76,62,15.7,32.8,21,92,0.783,253,0.526,160,0.394,8.5,2,6.7,2.1,20.2,0.44,0.16,0.58,8.4,75
301,Frank Ntilikina,Dal,G,23.7,58,11.8,24.6,17.4,25,0.96,113,0.451,110,0.345,4.1,1.4,6.4,1.2,14.7,0.47,0.12,0.53,6.4,72
302,Jusuf Nurkic,Por,C,27.63,56,28.2,58.7,23.6,268,0.69,544,0.563,56,0.268,15,11.1,21.5,2.8,16.6,1.11,0.61,2.55,11,82
303,David Nwaba,Hou,G-F,29.24,46,13.2,27.6,15.8,67,0.716,127,0.551,49,0.306,5.1,3.3,13.6,0.8,8.5,0.61,0.43,0.46,7.2,74
304,Chuma Okeke,Orl,F,23.65,70,25,52,16.4,65,0.846,204,0.48,371,0.318,8.6,5,10.5,1.7,10.1,1.39,0.6,0.81,6.7,75
305,Josh Okogie,Min,G,23.61,49,10.5,21.9,12.1,51,0.686,57,0.491,47,0.298,2.7,1.4,7.3,0.5,6.2,0.53,0.24,0.47,4.7,71
306,Onyeka Okongwu,Atl,F-C,21.33,48,20.7,43.1,14,110,0.727,226,0.69,0,0,8.2,5.9,15.6,1.1,7.6,0.63,1.25,0.92,7.3,76
307,Isaac Okoro,Cle,F-G,21.21,67,29.6,61.6,12.4,155,0.768,274,0.555,157,0.35,8.8,3,5.6,1.8,8.5,0.84,0.33,0.87,4.9,75
308,Victor Oladipo,Mia,G,29.93,8,21.6,45.1,25,19,0.737,37,0.541,36,0.417,12.4,2.9,7.5,3.5,26.3,0.63,0.13,2,9.3,78
309,Kelly Olynyk,Det,F-C,30.98,40,19.1,39.8,21.5,89,0.775,167,0.527,119,0.336,9.1,4.4,12.5,2.8,23.1,0.78,0.48,1.45,10.1,76
310,Eugene Omoruyi,Dal,F,25.15,4,4.5,9.3,17.1,4,0.5,3,0.333,2,0.5,1.8,1.8,21.9,0.5,16,0,0,0,10.4,68
311,Royce O'Neale,Uta,F,28.85,77,31.2,65.1,9.9,56,0.804,138,0.609,306,0.389,7.4,4.8,8.4,2.5,10.5,1.1,0.42,1.01,5.7,74
312,Cedi Osman,Cle,F,27.01,66,22.1,46.1,21.1,131,0.664,214,0.556,359,0.357,10.7,2.2,5.6,2,14.1,0.79,0.15,1.02,6.5,75
313,Eric Paschall,Uta,F,25.43,58,12.7,26.5,17.7,86,0.767,127,0.583,108,0.37,5.8,1.8,7.9,0.6,7.1,0.16,0.09,0.47,5.8,75
314,Chris Paul,Pho,G,36.93,65,32.9,68.6,19.7,202,0.837,537,0.559,199,0.317,14.7,4.4,7.1,10.8,44.5,1.86,0.31,2.35,10.8,90
315,Cameron Payne,Pho,G,27.67,58,22,45.9,24.6,89,0.843,376,0.449,211,0.336,10.8,3,7.3,4.9,30.7,0.69,0.29,1.78,9.8,76
316,Gary Payton II,Gol,G,29.36,71,17.6,36.6,14.3,58,0.603,224,0.754,120,0.358,7.1,3.5,10.7,0.9,7.5,1.34,0.31,0.56,6.4,77
317,Theo Pinson,Dal,G-F,26.43,19,7.8,16.2,14.7,10,1,9,0.444,30,0.333,2.5,1.1,7.9,0.9,15.9,0.26,0.11,0.26,6.9,68
318,Mason Plumlee,Cha,F-C,32.1,73,24.6,51.2,11.7,171,0.392,318,0.645,2,0,6.5,7.8,16.8,3.1,16.4,0.82,0.71,1.37,8.8,75
319,Jakob Poeltl,San,C,26.49,68,29,60.3,18.3,190,0.495,662,0.618,1,1,13.5,9.3,16.9,2.8,14,0.66,1.72,1.6,9.7,78
320,Aleksej Pokusevski,Okc,C,20.29,61,20.2,42.1,20,50,0.7,259,0.498,197,0.289,7.6,5.2,13.3,2.1,16.6,0.64,0.61,1.54,8.6,75
321,Jordan Poole,Gol,G,22.81,76,30,62.6,26.1,266,0.925,478,0.55,580,0.364,18.5,3.4,6.2,4,21.1,0.79,0.3,2.46,8.4,83
322,Bobby Portis,Mil,F,27.16,72,28.2,58.7,21.3,113,0.752,533,0.533,338,0.393,14.6,9.1,17.2,1.2,6.4,0.74,0.71,1.25,7.7,80
323,Kristaps Porzingis,Dal,F-C,26.69,34,29.5,61.4,28.6,170,0.865,335,0.537,173,0.283,19.2,7.7,14.5,2,11.7,0.74,1.74,1.56,9,85
324,Kristaps Porzingis,Was,F-C,26.69,17,28.2,58.7,31.4,116,0.871,180,0.522,79,0.367,22.1,8.8,17.3,2.9,17.9,0.71,1.47,1.65,11.7,85
325,Dwight Powell,Dal,F-C,30.73,82,21.9,45.7,14,212,0.783,364,0.703,37,0.351,8.7,4.9,12.5,1.2,8.1,0.45,0.48,0.78,6.8,76
326,Norman Powell,Por,G,28.88,40,33.3,69.4,22.5,198,0.803,313,0.492,229,0.406,18.7,3.3,5.4,2.1,10,1,0.43,1.55,6.1,80
327,Norman Powell,Lac,G,28.88,5,25.1,52.3,30,35,0.857,39,0.487,24,0.542,21.4,2.8,5.8,2.8,19.4,0.4,0.8,1.4,8.8,80
328,Taurean Prince,Min,F,28.06,69,17.1,35.5,17.1,82,0.756,162,0.562,229,0.376,7.3,2.5,7.9,1,8.1,0.68,0.33,0.77,6.2,76
329,Payton Pritchard,Bos,G,24.2,71,14.1,29.4,18.6,21,1,128,0.461,245,0.412,6.2,1.9,7.2,2,20.4,0.34,0.08,0.58,8.1,76
330,Trevelin Queen,Hou,G,20,10,7.4,15.5,23.8,4,1,9,0.667,24,0.375,4.3,1.6,11.8,0.4,8.7,0.5,0.1,0.7,7.6,67
331,Neemias Queta,Sac,C,22.75,14,8.5,17.8,18.5,17,0.647,38,0.447,0,0,3.2,2.2,14,0.4,7.2,0.07,0.57,0.43,6.6,70
332,Immanuel Quickley,Nyk,G,22.82,78,23.1,48.1,22.2,201,0.881,328,0.448,396,0.346,11.3,3.2,7.3,3.5,24.5,0.69,0.04,1.27,8.7,77
333,Julius Randle,Nyk,F-C,27.37,72,35.3,73.6,28.7,401,0.756,856,0.458,390,0.308,20.1,10,15,5.1,25.1,0.74,0.54,3.4,11.4,82
334,Austin Reaves,Lal,G,23.87,61,23.2,48.4,12.4,118,0.839,150,0.62,168,0.315,7.3,3.2,7.3,1.8,10.3,0.46,0.33,0.66,6,74
335,Cam Reddish,Atl,F-G,22.61,34,23.4,48.8,23.2,80,0.9,190,0.421,153,0.379,11.9,2.5,5.8,1.1,6.9,1.03,0.32,1.29,5.5,74
336,Cam Reddish,Nyk,F-G,22.61,15,14.4,29.9,18.7,32,0.906,34,0.559,31,0.258,6.1,1.4,5.2,0.7,7.1,0.87,0.27,0.87,5,74
337,Davon Reed,Den,G,26.83,48,13.9,29,12.1,15,0.667,75,0.587,86,0.43,4.4,2.3,9,1.1,10.7,0.5,0.19,0.33,6.4,72
338,Paul Reed,Phi,F,22.83,38,8,16.6,16.6,14,0.429,88,0.591,8,0.25,3.1,2.4,17,0.4,8.3,0.87,0.37,0.26,7.2,73
339,Naz Reid,Min,C-F,22.63,77,15.8,32.9,21.4,149,0.765,310,0.568,166,0.343,8.3,3.9,13.2,0.9,8.7,0.52,0.92,1.06,7.8,75
340,Nick Richards,Cha,C,24.37,50,7.3,15.3,15.4,43,0.698,90,0.667,0,0,3,1.7,12.4,0.3,4.9,0.18,0.42,0.48,6.3,73
341,Josh Richardson,Bos,G,28.57,44,24.7,51.5,16.7,71,0.859,187,0.481,156,0.397,9.7,2.8,6.2,1.5,8.7,0.77,0.52,0.89,5.6,76
342,Josh Richardson,San,G,28.57,21,24.4,50.9,19.3,37,0.946,101,0.416,90,0.444,11.4,2.9,6.1,2.3,13,1.05,0.29,1.29,6.9,76
343,Austin Rivers,Den,G,29.69,67,22.1,46,12.6,44,0.727,119,0.563,231,0.342,6,1.7,4.3,1.3,8,0.76,0.09,0.81,4.3,73
344,Duncan Robinson,Mia,F,27.97,79,25.9,53.9,17.7,61,0.836,102,0.569,624,0.372,10.9,2.6,5.6,1.6,9.3,0.53,0.18,0.76,5.5,74
345,Jeremiah Robinson-Earl,Okc,F,21.43,49,22.2,46.2,15.4,54,0.741,159,0.478,165,0.352,7.5,5.6,13,1,6.7,0.59,0.31,0.8,6.3,73
346,Mitchell Robinson,Nyk,C-F,24.03,72,25.7,53.5,11.4,181,0.486,343,0.761,0,0,8.5,8.6,17.8,0.5,3.2,0.79,1.85,0.83,5.2,81
347,Isaiah Roby,Okc,F,24.18,45,21.1,43.9,19,116,0.672,224,0.545,99,0.444,10.1,4.8,11.8,1.6,12.1,0.8,0.76,0.96,8.1,75
348,Derrick Rose,Nyk,G,33.52,26,24.5,51,22.5,31,0.968,182,0.467,92,0.402,12,3,6.5,4,27.5,0.85,0.46,1.5,8.6,81
349,Terrence Ross,Orl,G-F,31.18,63,23,47.9,20.5,130,0.862,290,0.493,264,0.292,10,2.6,5.9,1.8,12.5,0.44,0.19,1.19,6.3,75
350,Terry Rozier,Cha,G,28.07,73,33.7,70.1,23.2,176,0.852,575,0.517,593,0.374,19.3,4.3,6.8,4.5,19.8,1.27,0.34,1.3,8.5,82
351,Ricky Rubio,Cle,G,31.47,34,28.5,59.4,24.9,103,0.854,237,0.38,174,0.339,13.1,4.1,8,6.6,34.5,1.44,0.21,2.65,9.9,78
352,D'Angelo Russell,Min,G,26.13,65,31.9,66.6,25.1,240,0.825,457,0.492,518,0.34,18.1,3.3,5.6,7.1,33.1,0.95,0.34,2.54,9.4,82
353,Domantas Sabonis,Ind,F-C,25.94,47,34.7,72.3,21.7,258,0.74,463,0.639,108,0.324,18.9,12.1,19.4,5,22.2,0.98,0.47,3.04,12.1,86
354,Domantas Sabonis,Sac,F-C,25.94,15,33.6,70,24.4,74,0.743,185,0.584,17,0.235,18.9,12.3,19.9,5.8,28,0.87,0.33,3.47,13.2,86
355,Olivier Sarr,Okc,C,23.14,22,19.1,39.9,13.9,29,0.828,72,0.625,29,0.448,7,4.2,11.4,0.9,6.9,0.27,0.68,1,6.2,67
356,Jordan Schakel,Was,G,23.83,4,7.6,15.8,18.9,2,1,5,0,6,0.167,1.3,2,14.6,0,0,0.25,0,0.25,0,67
357,Admiral Schofield,Orl,F,25.03,38,12.3,25.7,14.5,15,0.8,50,0.56,79,0.329,3.8,2.3,10,0.7,7.9,0.11,0.13,0.55,5.9,69
358,Alperen Sengun,Hou,C,19.71,72,20.7,43.1,22,232,0.711,408,0.539,117,0.248,9.6,5.5,14.5,2.6,19.1,0.81,0.94,2.01,10,77
359,Collin Sexton,Cle,G,23.27,11,28.8,59.9,27.9,39,0.744,106,0.538,45,0.244,16,3.3,6.3,2.1,11.9,0.91,0,2.82,6.7,78
360,Landry Shamet,Pho,G,25.08,69,20.8,43.4,16.8,81,0.84,151,0.45,334,0.368,8.3,1.8,4.7,1.6,9.7,0.41,0.13,0.59,5.5,73
361,Day'Ron Sharpe,Bro,F,20.43,32,12.2,25.4,21.7,41,0.585,142,0.592,7,0.286,6.2,5,22.3,0.5,6.7,0.31,0.47,0.94,8.2,73
362,Pascal Siakam,Tor,F,28.03,68,37.9,79,25.8,379,0.749,989,0.527,218,0.344,22.8,8.5,12.2,5.3,23,1.25,0.62,2.66,10.6,86
363,Chris Silva,Min,F,25.56,1,3.5,7.3,0,0,0,0,0,0,0,0,1,15.3,0,0,0,0,0,0,73
364,Chris Silva,Mia,F,25.56,9,9.7,20.3,14.4,12,0.833,15,0.533,0,0,2.9,3.9,22.6,0.8,11,0,0.11,0.89,8.6,73
365,Marko Simonovic,Chi,C,22.49,9,3.9,8.1,27.3,11,0.727,10,0.3,5,0.2,1.9,1.1,16,0,0,0.11,0.11,0.22,0,70
366,Anfernee Simons,Por,G,22.84,57,29.5,61.4,24.8,116,0.888,355,0.49,442,0.405,17.3,2.6,4.9,3.9,22.2,0.53,0.11,2.02,7.6,80
367,Jericho Sims,Nyk,C,23.47,41,13.5,28.2,6.9,29,0.414,54,0.722,0,0,2.2,4.1,16.3,0.5,5.3,0.27,0.54,0.49,4.9,71
368,Marcus Smart,Bos,G,28.1,71,32.3,67.4,18.3,179,0.793,357,0.507,360,0.331,12.1,3.8,6.3,5.9,25.6,1.72,0.25,2.25,8,82
369,Jalen Smith,Pho,F-C,22.07,29,13.2,27.4,20.5,52,0.769,98,0.551,39,0.231,6,4.8,19.5,0.2,2.1,0.21,0.62,0.76,5.4,76
370,Jalen Smith,Ind,F-C,22.07,22,24.7,51.4,20.1,50,0.76,130,0.631,83,0.373,13.4,7.7,17.4,0.8,5.1,0.41,1.05,0.91,7.1,76
371,Xavier Sneed,Mem,F,20,2,3.9,8,10.6,0,0,0,0,2,0,0,1,13.6,0,0,0,0,0,0,68
372,Xavier Sneed,Uta,F,20,7,4.4,9.2,11.2,0,0,2,0.5,6,0.167,0.7,0.6,7.1,0.1,4.1,0,0,0,3.2,68
373,Jaden Springer,Phi,G,19.54,2,2.8,5.8,16,0,0,1,1,0,0,1,1,19.9,0,0,0,1,0.5,0,70
374,Lamar Stevens,Cle,F,24.76,63,16.1,33.6,17.1,75,0.707,254,0.543,65,0.277,6.1,2.6,8.9,0.7,6.5,0.49,0.29,0.65,5.5,75
375,Isaiah Stewart,Det,F-C,20.89,71,25.6,53.3,14.7,103,0.718,445,0.528,46,0.326,8.3,8.7,18.4,1.2,6.9,0.31,1.1,1.2,6.9,76
376,Max Strus,Mia,G-F,26.04,68,23.3,48.6,18.1,53,0.792,122,0.557,442,0.41,10.6,3,7.2,1.4,8.8,0.43,0.24,0.84,6.1,76
377,Jalen Suggs,Orl,G,20.86,48,27.2,56.7,25.3,163,0.773,352,0.443,196,0.214,11.8,3.6,6.9,4.4,24.9,1.23,0.4,2.98,8.4,75
378,Jae'Sean Tate,Hou,F,26.45,78,26.4,54.9,19.6,184,0.707,527,0.569,202,0.312,11.8,5.4,11.2,2.8,16.8,0.94,0.53,1.78,8.5,77
379,Jayson Tatum,Bos,F-G,24.11,76,35.9,74.9,32.1,469,0.853,913,0.524,651,0.353,26.9,8,12.1,4.4,21.1,0.97,0.64,2.86,10.9,93
380,Terry Taylor,Ind,G,22.55,33,21.6,45.1,15.9,51,0.706,181,0.68,38,0.316,9.6,5.2,13.4,1.2,8.6,0.42,0.27,0.73,7.2,74
381,Garrett Temple,Nor,G-F,35.93,59,18.6,38.8,13.9,41,0.683,110,0.473,185,0.319,5.2,2.4,7.2,1.3,9.2,0.73,0.39,0.71,5.4,70
382,Daniel Theis,Hou,F-C,30.02,26,22.5,46.8,16.5,40,0.675,100,0.61,79,0.291,8.4,5,12.2,0.8,5.1,0.42,0.65,1.19,5.7,75
383,Daniel Theis,Bos,F-C,30.02,21,18.7,39,15.8,32,0.688,84,0.679,28,0.357,7.9,4.7,13.6,1,8,0.43,0.71,0.71,7.1,75
384,Cam Thomas,Bro,G,20.49,67,17.6,36.6,22.1,105,0.829,329,0.52,174,0.27,8.5,2.4,7.5,1.2,9.7,0.49,0.12,0.82,6.6,74
385,Klay Thompson,Gol,G,32.17,32,29.4,61.3,29.6,51,0.902,277,0.477,296,0.385,20.4,3.9,7.2,2.8,16.1,0.5,0.53,1.34,8.2,83
386,JT Thor,Cha,F,19.63,33,7.9,16.5,12,20,0.6,28,0.607,27,0.259,2,1.3,8.7,0.6,9.2,0.24,0.33,0.3,5.9,70
387,Matisse Thybulle,Phi,G-F,25.1,66,25.5,53.2,9.5,43,0.791,156,0.673,144,0.313,5.7,2.3,5,1.1,6.1,1.74,1.08,0.59,3.8,77
388,Killian Tillie,Mem,F-C,24.1,36,12.8,26.7,12.8,8,0.625,41,0.39,86,0.314,3.3,1.7,6.8,0.6,5.9,0.64,0.42,0.36,4.7,69
389,Xavier Tillman,Mem,F,23.24,53,13.2,27.5,16.4,71,0.648,167,0.527,49,0.204,4.8,3,12,1.2,11.6,0.94,0.28,0.64,7.8,75
390,Isaiah Todd,Was,F,20.48,12,6.2,12.9,19.6,6,0.333,10,0.3,16,0.25,1.7,1,8.9,0.3,7.2,0.33,0.17,0.33,5.2,70
391,Obi Toppin,Nyk,F,24.1,72,17.1,35.6,20.8,124,0.758,304,0.655,169,0.308,9,3.7,11.6,1.1,10.9,0.35,0.46,0.78,7.8,76
392,Juan Toscano-Anderson,Gol,F,29,73,13.6,28.4,14.7,70,0.571,148,0.588,87,0.322,4.1,2.4,9.6,1.7,17.6,0.66,0.23,0.93,7.5,72
393,Karl-Anthony Towns,Min,C-F,26.4,74,33.5,69.7,27.8,467,0.822,846,0.582,367,0.409,24.6,9.8,15.7,3.6,18,0.97,1.12,3.05,11.4,89
394,Myles Turner,Ind,C-F,26.05,42,29.4,61.2,17.1,105,0.752,210,0.662,183,0.333,12.9,7.1,13.4,1,5.1,0.67,2.81,1.29,6.1,82
395,Jonas Valanciunas,Nor,C,29.93,74,30.3,63.1,23.8,289,0.82,780,0.581,158,0.361,17.8,11.4,20.8,2.6,14,0.57,0.81,2.42,10.7,83
396,Jarred Vanderbilt,Min,F,23.02,74,25.4,52.9,10.9,131,0.656,347,0.605,14,0.143,6.9,8.4,17.7,1.3,6.7,1.34,0.62,0.99,6.7,78
397,Fred VanVleet,Tor,G,28.12,65,37.9,78.9,23.7,222,0.874,455,0.44,642,0.377,20.3,4.5,6.4,6.7,26.7,1.71,0.55,2.62,9,84
398,Devin Vassell,San,G-F,21.63,71,27.3,56.8,18.9,99,0.838,384,0.492,380,0.361,12.3,4.3,8.3,1.9,9.7,1.06,0.59,0.82,6.8,76
399,Gabe Vincent,Mia,G,25.82,68,23.4,48.7,17.8,54,0.815,190,0.5,323,0.368,8.7,1.9,4.5,3.1,19.4,0.9,0.18,1.44,6.3,75
400,Nikola Vucevic,Chi,C,31.46,73,33.1,69,24.5,121,0.76,823,0.537,331,0.314,17.6,11,18.7,3.2,15.2,0.97,0.97,1.86,10.3,83
401,Dean Wade,Cle,F-C,25.39,51,19.2,40,11.1,30,0.667,75,0.64,142,0.359,5.3,2.9,8.5,1,7.3,0.57,0.14,0.31,5.2,73
402,Franz Wagner,Orl,F,20.62,79,30.7,64.1,21.2,219,0.863,705,0.511,270,0.356,15.2,4.5,7.7,2.9,15.7,0.86,0.43,1.51,7.6,80
403,Moritz Wagner,Orl,F-C,24.96,63,15.2,31.7,23,129,0.806,195,0.672,201,0.328,9,3.7,12.8,1.4,15.4,0.32,0.21,0.89,9.5,75
404,Yuta Watanabe,Tor,G-F,27.49,38,11.7,24.4,16.8,40,0.6,59,0.492,79,0.342,4.3,2.4,11.2,0.6,6.6,0.29,0.42,0.5,6.3,72
405,Lindy Waters III,Okc,F,24.7,25,18.6,38.8,17.5,5,0.8,29,0.621,146,0.363,8,2.9,8.1,1,8.1,0.76,0.32,0.44,6.1,71
406,Trendon Watford,Por,F,21.42,48,18.1,37.7,17.6,94,0.755,229,0.581,38,0.237,7.6,4.1,12.5,1.7,14.6,0.54,0.58,0.92,8.3,74
407,Quinndary Weatherspoon,Gol,G,25.58,11,6.7,13.9,15.6,5,1,16,0.688,5,0.2,2.7,1.3,10.3,0.5,10,0.09,0.09,0.27,7.2,68
408,Russell Westbrook,Lal,G,33.41,78,34.3,71.5,27.4,399,0.667,968,0.485,265,0.298,18.5,7.4,11.6,7.1,31.6,0.95,0.26,3.77,11.6,78
409,Coby White,Chi,G,22.15,61,27.5,57.2,19.8,91,0.857,291,0.491,353,0.385,12.7,3,6.1,2.9,15,0.48,0.18,1.15,7,76
410,Derrick White,San,G,27.78,49,30.3,63.2,20.7,160,0.869,312,0.519,258,0.314,14.4,3.5,6.1,5.6,25.2,1,0.86,1.78,8.7,78
411,Derrick White,Bos,G,27.78,26,27.4,57.1,18.2,75,0.853,119,0.504,111,0.306,11,3.3,6.6,3.5,18.2,0.54,0.62,1.19,7.3,78
412,Joe Wieskamp,San,G-F,22.63,29,7.1,14.7,13.1,13,0.538,13,0.462,43,0.326,2.1,0.5,3.6,0.3,5.5,0.14,0.1,0.07,3.8,70
413,Aaron Wiggins,Okc,G-F,23.27,50,24.2,50.4,15.3,85,0.729,199,0.573,138,0.304,8.3,3.6,7.6,1.4,8.5,0.6,0.2,1.08,5.7,73
414,Andrew Wiggins,Gol,F,27.13,73,31.9,66.5,23.1,235,0.634,620,0.513,399,0.393,17.2,4.4,7.5,2.2,10.8,1.05,0.7,1.52,6.9,84
415,Lindell Wigginton,Mil,G,24.04,19,10.5,21.8,18.9,35,0.543,35,0.486,26,0.346,4.2,1.3,6.7,1.2,15.7,0.32,0.05,0.63,7.1,69
416,Brandon Williams,Por,G,22.38,24,26.7,55.5,25.9,97,0.701,176,0.42,106,0.292,12.9,3.1,6.3,3.9,23.1,1,0.42,2.42,8.1,73
417,Grant Williams,Bos,F,23.36,77,24.4,50.7,12.6,95,0.905,174,0.569,258,0.411,7.8,3.6,7.9,1,5.8,0.49,0.74,0.81,5,77
418,Kenrich Williams,Okc,G-F,27.36,49,21.9,45.6,15.6,55,0.545,196,0.536,121,0.339,7.4,4.5,10.5,2.2,15.3,0.9,0.2,0.94,7.6,75
419,Patrick Williams,Chi,F,20.63,17,24.8,51.8,14.2,41,0.732,73,0.534,29,0.517,9,4.1,9.2,0.9,4.8,0.53,0.53,0.94,5.2,75
420,Ziaire Williams,Mem,F,20.58,62,21.7,45.2,14.9,55,0.782,182,0.632,242,0.314,8.1,2.1,5,1,6.3,0.58,0.18,0.66,4.7,74
421,Dylan Windler,Cle,G-F,25.55,50,9.2,19.1,11.7,18,0.833,28,0.571,70,0.3,2.2,1.8,10.7,0.7,9.9,0.28,0.06,0.32,6.1,71
422,Justise Winslow,Lac,F-G,26.04,37,13,27,17.9,41,0.61,112,0.518,29,0.172,4.2,3.6,14.4,1.4,15.5,0.57,0.49,0.97,8.5,75
423,Justise Winslow,Por,F-G,26.04,11,26.8,55.9,20.4,25,0.56,79,0.468,37,0.27,10.7,6.3,12.8,2.9,16.9,1.27,0.64,1.09,8.7,75
424,Christian Wood,Hou,F,26.54,68,30.8,64.1,23.3,332,0.623,542,0.57,336,0.39,17.9,10.1,18,2.3,12.2,0.78,0.97,1.85,9.7,84
425,Delon Wright,Atl,G,29.96,77,18.9,39.3,10.3,63,0.857,153,0.51,116,0.379,4.4,2.9,8.3,2.4,16.6,1.21,0.25,0.58,6.6,75
426,Thaddeus Young,San,F,33.8,26,14.2,29.7,19.1,22,0.455,123,0.602,5,0,6.1,3.6,13.2,2.3,22.9,0.88,0.27,1.15,10.4,74
427,Thaddeus Young,Tor,F,33.8,26,18.3,38.1,16,27,0.481,101,0.495,43,0.395,6.3,4.4,13,1.7,13.6,1.19,0.42,0.85,7.9,74
428,Trae Young,Atl,G,23.56,76,34.9,72.7,34.4,553,0.904,933,0.512,611,0.381,28.4,3.7,5.9,9.7,46.8,0.96,0.09,3.99,11.5,90
429,Omer Yurtseven,Mia,C,23.81,56,12.6,26.3,19.8,61,0.623,236,0.547,11,0.091,5.3,5.3,23.6,0.9,11,0.3,0.36,0.73,9.3,75
430,Ivica Zubac,Lac,C,25.07,76,24.4,50.8,16.8,227,0.727,495,0.626,0,0,10.3,8.5,18.2,1.6,9.8,0.47,1.01,1.49,8.5,77
0,Precious Achiuwa,Mia,F,21.66,61,12.1,25.2,19.5,110,0.509,227,0.546,1,0,5,3.4,16.1,0.5,6.1,0.33,0.46,0.7,6.7,75
1,Steven Adams,Nor,C,27.83,58,27.7,57.6,11.7,135,0.444,305,0.62,3,0,7.6,8.9,17.4,1.9,9.1,0.93,0.66,1.36,7.3,79
2,Bam Adebayo,Mia,C-F,23.83,64,33.5,69.7,23.7,354,0.799,792,0.573,8,0.25,18.7,9,15.3,5.4,26.9,1.17,1.03,2.64,11.6,86
3,LaMarcus Aldridge,San,C-F,35.83,21,25.9,54,22.7,37,0.838,173,0.509,75,0.36,13.7,4.5,9.2,1.7,10.2,0.38,0.86,0.95,7.3,79
4,LaMarcus Aldridge,Bro,C-F,35.83,5,26,54.3,19.9,10,1,43,0.488,5,0.8,12.8,4.8,10.2,2.6,14.3,0.6,2.2,1.4,8.3,79
5,Nickeil Alexander-Walker,Nor,G,22.7,46,21.9,45.6,23.2,66,0.727,239,0.485,219,0.347,11,3.1,7.8,2.2,14.7,1.02,0.48,1.5,7.7,75
6,Grayson Allen,Mem,G,25.61,50,25.2,52.5,16.8,91,0.868,140,0.471,274,0.391,10.6,3.2,6.7,2.2,11.5,0.92,0.16,0.96,6.7,75
7,Jarrett Allen,Bro,C,23.07,12,26.6,55.5,15.5,61,0.754,65,0.677,0,0,11.2,10.4,21.6,1.7,8.3,0.58,1.58,1.83,8.8,82
8,Jarrett Allen,Cle,C,23.07,51,30.3,63.1,16.8,229,0.69,398,0.623,19,0.316,13.2,9.9,18.3,1.7,8.8,0.47,1.41,1.53,8,82
9,Al-Farouq Aminu,Orl,F,30.65,17,21.6,44.9,14.3,17,0.824,58,0.5,31,0.226,5.5,5.4,12.9,1.7,11.4,1,0.53,1.47,6.8,71
10,Al-Farouq Aminu,Chi,F,30.65,6,11.2,23.4,9.8,5,0.8,4,0.25,6,0.167,1.5,3.2,15.6,0.3,3.5,0.33,0,0.5,4,71
11,Kyle Anderson,Mem,F-G,27.66,69,27.4,57,18.5,184,0.783,397,0.539,261,0.36,12.4,5.7,11.1,3.6,18.3,1.22,0.83,1.25,9.3,79
12,Giannis Antetokounmpo,Mil,F,26.44,61,33,68.7,32.5,581,0.685,879,0.636,221,0.303,28.1,11,17.5,5.9,28.7,1.18,1.21,3.39,14.8,96
13,Thanasis Antetokounmpo,Mil,F,28.83,57,9.7,20.1,15.3,49,0.51,108,0.556,29,0.241,2.9,2.2,11.8,0.8,10.3,0.39,0.18,0.75,7.1,71
14,Carmelo Anthony,Por,F,36.97,69,24.5,51,23.1,156,0.891,452,0.429,325,0.409,13.4,3.1,6.8,1.5,9.2,0.67,0.55,0.88,6.5,78
15,Cole Anthony,Orl,G,21,47,27.1,56.4,24.3,131,0.832,380,0.424,172,0.337,12.9,4.7,9,4.1,24.2,0.64,0.38,2.26,9.3,77
16,OG Anunoby,Tor,F,23.83,43,33.3,69.4,19.2,102,0.784,257,0.564,261,0.398,15.9,5.5,9.1,2.2,10.1,1.53,0.72,1.74,6.9,79
17,Trevor Ariza,Mia,F,35.88,30,28,58.4,15.1,44,0.773,98,0.5,143,0.35,9.4,4.8,9.8,1.8,9.4,1,0.6,0.7,6.2,74
18,Deni Avdija,Was,F,20.37,54,23.3,48.5,12,45,0.644,144,0.535,168,0.315,6.3,4.8,11,1.2,6.3,0.59,0.28,0.61,5.7,75
19,Deandre Ayton,Pho,C,22.82,69,30.6,63.8,18.2,173,0.769,667,0.639,20,0.2,14.4,10.5,19.5,1.4,6.8,0.59,1.17,1.48,7.8,86
20,Udoka Azubuike,Uta,C-F,21.66,15,3.8,7.9,12.4,10,0.8,9,0.444,0,0,1.1,0.9,12.1,0,0,0.07,0.27,0.2,0,70
21,LaMelo Ball,Cha,G,19.74,51,28.8,60,26.1,165,0.758,411,0.489,261,0.352,15.7,5.9,11.1,6.1,33.9,1.59,0.35,2.84,11.5,84
22,Lonzo Ball,Nor,G,23.55,55,31.8,66.2,20.5,64,0.781,245,0.482,455,0.378,14.6,4.8,8.2,5.7,25.4,1.49,0.56,2.24,9.3,82
23,Mo Bamba,Orl,C,23.01,46,15.8,32.8,21.9,66,0.682,183,0.568,118,0.322,8,5.8,19,0.8,8.1,0.3,1.26,0.8,8.4,76
24,Desmond Bane,Mem,G,22.89,68,22.3,46.5,16.1,49,0.816,228,0.513,271,0.432,9.2,3.1,7.3,1.7,10.6,0.62,0.24,0.87,6.5,76
25,Harrison Barnes,Sac,F,28.96,58,36.3,75.5,17.2,235,0.83,386,0.567,256,0.391,16.1,6.6,10.2,3.5,13,0.74,0.19,1.6,7.9,78
26,RJ Barrett,Nyk,F-G,20.92,72,34.9,72.7,23.4,276,0.746,750,0.457,309,0.401,17.6,5.8,8.9,3,13.8,0.74,0.28,1.93,7.7,83
27,Will Barton,Den,G,30.36,56,31,64.6,19,121,0.785,351,0.459,257,0.381,12.7,4,7.4,3.2,14.1,0.89,0.41,1.71,7,77
28,Keita Bates-Diop,San,F,25.31,30,8.2,17,14.8,21,0.667,50,0.5,17,0.294,2.6,1.6,10.7,0.4,6.6,0.37,0.17,0.23,5.8,72
29,Nicolas Batum,Lac,G-F,32.42,67,27.4,57.1,11.8,58,0.828,141,0.574,271,0.406,8.1,4.7,9.7,2.2,10.5,1.03,0.55,0.79,6.4,77
30,Kent Bazemore,Gol,G-F,31.88,67,19.9,41.5,16.3,78,0.692,208,0.486,184,0.408,7.2,3.4,9.1,1.6,11.1,1.03,0.49,1.22,6.8,74
31,Darius Bazley,Okc,F-G,20.93,55,31.2,64.9,22,178,0.702,404,0.47,286,0.29,13.7,7.2,12,1.8,8.9,0.53,0.45,2.22,7.2,75
32,Bradley Beal,Was,G,27.89,60,35.8,74.5,34.1,459,0.889,1009,0.535,373,0.349,31.3,4.7,7,4.4,21.3,1.15,0.37,3.12,9.7,89
33,Malik Beasley,Min,G,24.47,37,32.8,68.4,24,80,0.85,279,0.487,321,0.399,19.6,4.4,7.2,2.4,11.6,0.81,0.19,1.62,7.2,80
34,Davis Bertans,Was,F,28.51,57,25.7,53.5,15.9,115,0.87,50,0.48,428,0.395,11.5,3,6.1,0.9,4.4,0.58,0.23,0.58,4.9,76
35,Patrick Beverley,Lac,G,32.84,37,22.5,46.9,14.6,45,0.8,79,0.468,141,0.397,7.5,3.2,8,2.1,12,0.76,0.76,0.92,6.6,76
36,Saddiq Bey,Det,F,22.1,70,27.3,56.8,18.7,147,0.844,232,0.448,460,0.38,12.2,4.6,9.3,1.4,7.6,0.74,0.2,0.86,6.3,78
37,Khem Birch,Orl,C,28.63,48,19.8,41.3,12.2,85,0.741,188,0.479,21,0.19,5.3,5.1,13.2,1.1,8,0.67,0.58,0.48,6.3,76
38,Khem Birch,Tor,C,28.63,19,30.4,63.3,15.8,44,0.636,140,0.614,31,0.29,11.9,7.5,13.6,1.9,9.4,0.89,1.16,1.11,7.3,76
39,Goga Bitadze,Ind,C-F,21.83,45,12.5,26,18,61,0.738,115,0.548,79,0.253,5.1,3.3,14.5,0.8,8.9,0.2,1.33,0.38,7.6,74
40,Nemanja Bjelica,Sac,F,33.02,26,16.9,35.2,19.3,42,0.762,92,0.565,58,0.293,7.2,3.8,12.6,1.9,15.3,0.31,0.08,1.08,8.8,75
41,Nemanja Bjelica,Mia,F,33.02,11,14.2,29.6,15.9,9,0.556,19,0.526,27,0.37,5,2.5,9.9,1.8,18.7,0.64,0.27,0.45,8,75
42,Eric Bledsoe,Nor,G,31.44,71,29.7,62,18.5,195,0.687,376,0.495,355,0.341,12.2,3.4,6.3,3.8,17.3,0.77,0.34,1.58,7.3,76
43,Bojan Bogdanovic,Uta,F,32.08,72,30.8,64.1,22.8,265,0.879,464,0.487,461,0.39,17,3.9,6.7,1.9,9.1,0.63,0.06,1.78,6.5,77
44,Bogdan Bogdanovic,Atl,G,28.74,44,29.7,61.8,21.3,44,0.909,232,0.522,333,0.438,16.4,3.6,6.7,3.3,17.6,1.11,0.3,1.23,7.8,80
45,Bol Bol,Den,C-F,21.5,32,5,10.4,21.2,15,0.667,34,0.471,24,0.375,2.2,0.8,8.5,0.2,6,0.09,0.31,0.41,5.6,71
46,Isaac Bonga,Was,G,21.52,40,10.8,22.5,10.2,8,0.625,34,0.5,47,0.277,2,1.7,8.1,0.6,6.5,0.28,0.23,0.55,4.7,70
47,Devin Booker,Pho,G,24.54,67,33.9,70.6,32.7,392,0.867,916,0.543,371,0.34,25.6,4.2,7,4.3,20.6,0.79,0.24,3.09,9.1,90
48,Chris Boucher,Tor,F-C,28.35,60,24.2,50.4,20.6,193,0.788,325,0.609,235,0.383,13.6,6.7,15.3,1.1,7,0.58,1.85,0.77,7.7,79
49,Tony Bradley,Phi,C-F,23.35,20,14.4,29.9,12.8,11,0.636,74,0.689,1,0,5.5,5.2,19.9,0.9,8.7,0.3,0.65,0.3,8.2,74
50,Tony Bradley,Okc,C-F,23.35,22,18,37.5,18,44,0.705,120,0.667,2,0,8.7,6.1,17.7,0.9,8.4,0.41,0.77,1.23,8.1,74
51,Jarrell Brantley,Uta,F,24.94,28,4.9,10.3,19,2,1,24,0.542,28,0.429,2.3,1,10.4,0.5,16.1,0.25,0.07,0.29,8.6,70
52,Ignas Brazdeikis,Nyk,F,22.35,4,1.8,3.7,18.1,2,1,1,0,0,0,0.5,0.5,15.3,0.3,17.3,0,0,0.25,9.4,69
53,Ignas Brazdeikis,Phi,F,22.35,1,7.9,16.5,16.3,0,0,2,0,1,0,0,2,13.9,0,0,0,0,0,0,69
54,Ignas Brazdeikis,Orl,F,22.35,8,29.2,60.9,17.6,12,0.667,52,0.462,27,0.407,11.1,5.1,9.1,2,10.6,0.5,0.38,1.38,6.6,69
55,Miles Bridges,Cha,F,23.16,66,29.3,61,17.3,113,0.867,332,0.593,290,0.4,12.7,6,11.1,2.2,11.4,0.67,0.79,1.61,7.5,78
56,Mikal Bridges,Pho,F,24.71,72,32.6,67.9,14.9,131,0.84,353,0.649,315,0.425,13.5,4.3,7.4,2.1,8.8,1.06,0.88,0.81,6.1,82
57,Oshae Brissett,Ind,F-G,22.91,21,24.7,51.5,15.6,65,0.769,73,0.548,78,0.423,10.9,5.5,12,0.9,4.6,0.9,0.95,0.48,6.1,76
58,Malcolm Brogdon,Ind,G,28.43,56,34.5,71.8,25.9,177,0.864,606,0.493,374,0.388,21.2,5.3,8.3,5.9,25.7,0.88,0.27,2.05,10.1,82
59,Dillon Brooks,Mem,G-F,25.32,67,29.8,62.1,26.1,195,0.815,659,0.461,372,0.344,17.2,2.9,5.2,2.3,11.7,1.16,0.39,1.78,6.5,78
60,Bruce Brown,Bro,G-F,24.75,65,22.3,46.5,15.9,117,0.735,364,0.599,59,0.288,8.8,5.4,13.3,1.6,9.8,0.86,0.43,0.83,7.6,77
61,Jaylen Brown,Bos,G-F,24.56,58,34.5,71.8,29.7,250,0.764,701,0.535,410,0.398,24.7,6,9.7,3.4,16.5,1.24,0.55,2.72,9.2,86
62,Moses Brown,Okc,C,21.59,43,21.4,44.6,17,126,0.619,269,0.543,0,0,8.6,8.9,21.7,0.2,1.7,0.72,1.12,1,4.6,77
63,Sterling Brown,Hou,G-F,26.26,51,24.1,50.2,13.5,31,0.806,119,0.496,215,0.423,8.2,4.4,9.7,1.4,8.4,0.75,0.24,0.8,6.1,72
64,Jalen Brunson,Dal,G,24.71,68,25,52,20.2,151,0.795,427,0.578,200,0.405,12.6,3.4,7.5,3.5,21.3,0.51,0.01,1.18,8.5,78
65,Elijah Bryant,Mil,G,20,1,31.6,65.8,24.3,3,1,8,0.625,5,0.2,16,6,10,3,12.8,0,1,4,8.4,70
66,Thomas Bryant,Was,C-F,23.8,10,27.1,56.4,17.2,24,0.667,70,0.714,21,0.429,14.3,6.1,11.9,1.5,8.2,0.4,0.8,1.1,7.5,79
67,Reggie Bullock,Nyk,G-F,30.17,65,30,62.5,14.4,55,0.909,163,0.521,398,0.41,10.9,3.4,6.2,1.5,7.4,0.8,0.17,0.69,5.1,74
68,Trey Burke,Dal,G,28.51,62,14.7,30.6,19.9,57,0.895,189,0.492,164,0.354,6.6,0.9,3.3,1.3,12.9,0.6,0.1,0.53,5.4,75
69,Alec Burks,Nyk,G,29.83,49,25.6,53.3,21.4,118,0.856,254,0.425,246,0.415,12.7,4.6,9.8,2.2,13.2,0.63,0.29,1,7.9,77
70,Jimmy Butler,Mia,F,31.67,52,33.6,69.9,26.6,416,0.863,634,0.538,102,0.245,21.5,6.9,11.8,7.1,35.1,2.08,0.35,2.1,12.1,91
71,Kentavious Caldwell-Pope,Lal,G,28.24,67,28.4,59.1,14.2,112,0.866,211,0.464,293,0.41,9.7,2.7,5.3,1.9,9.2,0.93,0.39,1.01,5.2,74
72,Facundo Campazzo,Den,G,30.15,65,21.9,45.7,13.1,91,0.879,99,0.444,216,0.352,6.1,2.1,5.3,3.6,20.2,1.22,0.22,1.12,6.5,77
73,Vlatko Cancar,Den,F,24.1,41,6.9,14.3,14.4,13,0.769,40,0.6,33,0.273,2.1,1.2,10.3,0.3,6.4,0.27,0.05,0.34,5.3,70
74,Clint Capela,Atl,C,27,63,30.1,62.8,19.9,227,0.573,696,0.595,0,0,15.2,14.3,26,0.8,4.1,0.7,2.05,1.16,7.4,86
75,Jevon Carter,Pho,G,25.67,60,11.9,24.9,15,7,0.571,72,0.528,151,0.371,4.1,1.5,7.3,1.2,13,0.48,0.15,0.27,6.5,73
76,Michael Carter-Williams,Orl,G,29.6,31,25.8,53.7,20.2,80,0.613,209,0.431,61,0.246,8.8,4.5,9,4.1,24.1,0.81,0.55,2.23,8.5,72
77,Alex Caruso,Lal,G,27.21,58,21,43.7,14.8,76,0.645,168,0.464,137,0.401,6.4,2.9,7.8,2.8,18.1,1.1,0.26,1.31,7.1,76
78,Willie Cauley-Stein,Dal,C,27.75,53,17.1,35.6,12,78,0.628,171,0.667,11,0.091,5.3,4.5,14.4,0.7,5.3,0.4,0.81,0.55,6,75
79,Chris Chiozza,Bro,G,25.49,22,10.6,22,20.9,17,0.765,46,0.391,42,0.31,4,1.1,5.7,3,36.9,0.32,0.27,0.73,8.9,72
80,Marquese Chriss,Gol,F,23.87,2,13.4,27.8,28.4,4,0.5,9,0.444,5,0.2,6.5,6.5,25.9,1,11.2,0,1,1,10.4,74
81,Brandon Clarke,Mem,F-G,24.66,59,24,50,17.3,113,0.69,418,0.565,77,0.26,10.3,5.6,12.3,1.6,9.5,1.03,0.86,0.56,7.5,77
82,Jordan Clarkson,Uta,G,28.94,68,26.7,55.7,29.8,144,0.896,476,0.523,599,0.347,18.4,4,8,2.5,15.3,0.9,0.15,1.69,8.5,79
83,Nicolas Claxton,Bro,F-C,22.08,32,18.6,38.7,14,64,0.484,140,0.636,5,0.2,6.6,5.2,15.4,0.9,6.4,0.72,1.25,0.56,6.7,76
84,John Collins,Atl,F-C,23.65,63,29.3,61.1,22.2,204,0.833,563,0.615,208,0.399,17.6,7.4,13.8,1.2,6.9,0.54,1,1.33,7.4,84
85,Mike Conley,Uta,G,33.6,51,29.4,61.2,23.1,142,0.852,305,0.479,335,0.412,16.2,3.5,6.2,6,30.6,1.37,0.18,1.94,9.5,83
86,Pat Connaughton,Mil,G,28.36,69,22.8,47.5,11.6,40,0.775,115,0.583,272,0.371,6.8,4.8,11.1,1.2,6.3,0.68,0.33,0.48,6,73
87,Robert Covington,Por,F,30.42,70,32,66.8,11.5,62,0.806,153,0.451,356,0.379,8.5,6.7,11.1,1.7,6.8,1.44,1.2,0.91,5.7,78
88,Torrey Craig,Mil,F,30.41,18,11.2,23.3,10.8,2,0.5,24,0.417,22,0.364,2.5,2.4,11.2,0.9,9.5,0.5,0.39,0.28,6.3,76
89,Torrey Craig,Pho,F,30.41,32,18.8,39.2,15.5,20,0.8,97,0.619,84,0.369,7.2,4.8,14.5,1,7.4,0.59,0.59,0.63,6.9,76
90,Jae Crowder,Pho,F,30.86,60,27.5,57.2,15.7,75,0.76,112,0.455,380,0.389,10.1,4.7,9.7,2.1,10,0.82,0.43,0.92,6.7,77
91,Jarrett Culver,Min,G-F,22.24,34,14.7,30.6,18.2,48,0.604,115,0.487,53,0.245,5.3,3.1,11.3,0.7,6.8,0.5,0.26,0.82,6.1,72
92,Seth Curry,Phi,G,30.73,57,28.7,59.9,17.1,77,0.896,272,0.485,280,0.45,12.5,2.4,4.6,2.7,13.6,0.77,0.14,1.14,6,77
93,Stephen Curry,Gol,G,33.17,63,34.2,71.1,34.8,395,0.916,564,0.569,801,0.421,32,5.5,8.6,5.8,30.5,1.21,0.13,3.38,11.8,96
94,Anthony Davis,Lal,F-C,28.18,36,32.3,67.2,29.2,214,0.738,513,0.536,100,0.26,21.8,7.9,13.8,3.1,16.4,1.25,1.64,2.06,10,93
95,Terence Davis,Tor,G,24,34,14.5,30.2,21.6,18,0.889,88,0.489,122,0.361,6.9,1.9,7.4,1.1,11.5,0.5,0.21,0.85,6.7,74
96,Terence Davis,Sac,G,24,27,21.5,44.8,22,37,0.784,101,0.535,145,0.372,11.1,3.3,8.4,1.7,11.3,1.04,0.26,1.26,7.4,74
97,Gabriel Deck,Okc,F,26.27,10,21.2,44.1,16.6,22,0.818,52,0.577,15,0.133,8.4,4,9.8,2.4,17.3,0.8,0,0.6,8.2,74
98,Dewayne Dedmon,Mia,C,31.76,16,13.2,27.4,19.3,27,0.741,60,0.75,5,0.2,7.1,5.4,23.4,0.8,9.6,0.56,0.38,0.81,9.5,74
99,DeMar DeRozan,San,G-F,31.78,61,33.7,70.2,26.1,440,0.88,846,0.515,74,0.257,21.6,4.2,6.7,6.9,32,0.92,0.25,1.95,10.2,85
100,Mamadi Diakite,Mil,F,24.32,14,10.1,21,14.6,14,0.786,32,0.469,8,0.125,3.1,2.4,12.7,0.6,6.9,0.5,0.43,0.21,6.5,69
101,Hamidou Diallo,Okc,G,22.8,32,23.8,49.5,22.5,132,0.629,256,0.512,41,0.293,11.9,5.2,11.3,2.4,16.4,0.97,0.38,1.53,8.9,77
102,Hamidou Diallo,Det,G,22.8,20,23.3,48.5,21.6,68,0.662,132,0.492,41,0.39,11.2,5.4,12.8,1.2,8.3,0.5,0.6,1.35,7.2,77
103,Gorgui Dieng,Mem,C,31.33,22,16.9,35.2,16.9,43,0.884,60,0.55,48,0.479,7.9,4.5,14,1.3,10.6,0.77,0.64,1,8.5,74
104,Gorgui Dieng,San,C,31.33,16,11.3,23.6,18.1,24,0.833,33,0.667,22,0.318,5.3,2.6,12.3,1.2,14.9,0.56,0.13,0.63,9,74
105,Spencer Dinwiddie,Bro,G,28.11,3,21.4,44.7,16,6,1,9,0.444,7,0.286,6.7,4.3,11.2,3,17.5,0.67,0.33,1.67,8.3,82
106,Donte DiVincenzo,Mil,G,24.29,66,27.5,57.3,16.7,71,0.718,257,0.475,346,0.379,10.4,5.8,11,3.1,14.2,1.09,0.23,1.39,8.3,79
107,Luka Doncic,Dal,F-G,22.21,66,34.3,71.4,36,471,0.73,803,0.567,548,0.35,27.7,8,12.8,8.6,44.1,0.97,0.55,4.26,14.5,94
108,Luguentz Dort,Okc,G,22.08,52,29.7,61.8,21.7,164,0.744,310,0.432,329,0.343,14,3.6,6.4,1.7,8.8,0.87,0.37,1.52,5.9,78
109,Damyean Dotson,Cle,G,27.03,46,19.7,41.1,16.9,36,0.667,134,0.545,159,0.289,6.7,2,5.7,2,15.1,0.35,0.09,0.91,6.1,70
110,Devon Dotson,Chi,G,21.79,11,4.6,9.5,18.1,0,0,14,0.714,7,0.143,2.1,0.5,5.5,0.6,21.3,0.36,0,0,7.5,69
111,Sekou Doumbouya,Det,F,20.4,56,15.5,32.3,17.8,64,0.703,167,0.485,115,0.226,5.1,2.6,9.2,0.8,8,0.43,0.16,0.79,5.7,71
112,PJ Dozier,Den,G-F,24.56,50,21.8,45.4,17.2,66,0.636,205,0.493,149,0.315,7.7,3.6,9.5,1.8,11.2,0.62,0.44,0.94,6.8,72
113,Goran Dragic,Mia,G,35.03,50,26.7,55.7,24.5,122,0.828,310,0.481,244,0.373,13.4,3.3,7.2,4.4,25.9,0.66,0.14,2.38,8.7,78
114,Andre Drummond,Cle,C,27.77,25,28.9,60.2,31.3,129,0.597,372,0.484,8,0,17.5,13.5,26,2.6,16.2,1.6,1.16,3.24,11.8,79
115,Andre Drummond,Lal,C,27.77,21,24.8,51.6,22.5,76,0.605,192,0.531,0,0,11.9,10.2,23.1,1.4,9,1.1,0.95,2.05,8.9,79
116,Kris Dunn,Atl,G,27.16,4,11.4,23.6,16.1,4,0.75,10,0.1,2,0,1.3,1.5,7.2,0.5,5.4,0.5,0.5,0.75,3.5,75
117,Kevin Durant,Bro,F,32.63,35,33.1,68.9,31.2,238,0.882,414,0.577,189,0.45,26.9,7.1,11.8,5.6,27.5,0.71,1.29,3.43,12.4,96
118,Anthony Edwards,Min,G,19.78,72,32.1,67,27,272,0.776,690,0.484,520,0.329,19.3,4.7,7.9,2.9,14.6,1.14,0.49,2.24,8,81
119,Carsen Edwards,Bos,G,23.18,31,8.9,18.5,19.3,13,0.846,48,0.604,63,0.286,4,0.8,5.3,0.5,7.4,0.23,0.03,0.23,5.3,70
120,CJ Elleby,Por,F-G,20.92,30,6.4,13.4,17.4,15,0.733,32,0.563,34,0.206,2.3,1.1,8.9,0.3,7.1,0.2,0.1,0.17,5.7,68
121,Wayne Ellington,Det,G,33.46,46,22,45.8,16.7,35,0.8,63,0.524,275,0.422,9.6,1.8,4.7,1.5,10.2,0.39,0.2,0.72,5.4,75
122,Joel Embiid,Phi,C-F,27.17,51,31.1,64.8,35.3,548,0.859,745,0.541,154,0.377,28.5,10.5,18.7,2.8,16.2,0.98,1.35,3.12,12.1,95
123,Drew Eubanks,San,F-C,24.29,54,14,29.1,17.1,106,0.726,203,0.562,2,1,5.8,4.5,17,0.8,7.8,0.33,0.91,0.83,7.9,74
124,Tacko Fall,Bos,C,25.43,18,7.5,15.7,13.2,15,0.333,29,0.724,0,0,2.6,2.9,21.4,0.2,3.1,0.06,1.11,0.33,6.1,71
125,Derrick Favors,Uta,F,29.84,68,15.3,31.8,13,80,0.738,241,0.643,2,0,5.4,5.5,19.2,0.6,6,0.47,1,0.53,6.8,77
126,Bruno Fernando,Atl,F-C,22.75,33,6.8,14.3,14.4,22,0.682,42,0.429,2,0,1.5,2.4,18.9,0.3,5.8,0.12,0.09,0.64,6,71
127,Dorian Finney-Smith,Dal,F,28.04,60,32,66.7,12.3,41,0.756,164,0.616,302,0.394,9.8,5.4,9.4,1.7,7.2,0.87,0.4,0.8,5.6,76
128,Malachi Flynn,Tor,G,23.02,47,19.7,41.1,19,56,0.804,173,0.422,168,0.321,7.5,2.5,6.9,2.9,21.4,0.83,0.15,0.91,7.7,73
129,Bryn Forbes,Mil,G,27.82,70,19.3,40.3,18.5,61,0.77,188,0.511,341,0.452,10,1.6,4.3,0.6,4.5,0.33,0.01,0.63,4.4,75
130,Trent Forrest,Uta,G,22.93,30,10.1,21,14.3,19,1,45,0.6,26,0.192,2.9,1.5,7.7,1.5,19.9,0.3,0.13,0.7,7.4,69
131,Evan Fournier,Orl,G-F,28.55,26,30.3,63,26.2,123,0.797,181,0.536,188,0.388,19.7,2.9,4.9,3.7,20.9,1.04,0.35,2.08,7.9,79
132,Evan Fournier,Bos,G-F,28.55,16,29.5,61.5,18,14,0.714,77,0.429,95,0.463,13,3.3,6.2,3.1,14.9,1.25,0.63,1.19,6.9,79
133,De'Aaron Fox,Sac,G,23.41,58,35.1,73.1,31,417,0.719,790,0.539,320,0.322,25.2,3.5,5.5,7.2,32.7,1.5,0.47,3,9.8,85
134,Markelle Fultz,Orl,G,22.97,8,26.9,56,26.2,19,0.895,88,0.42,16,0.25,12.9,3.1,6,5.4,33.1,1,0.25,2.25,8.9,77
135,Wenyen Gabriel,Nor,F,24.14,21,11.5,23.9,14.4,17,0.647,28,0.393,32,0.406,3.4,2.6,12.2,0.5,5.9,0.43,0.38,0.71,5.7,70
136,Daniel Gafford,Chi,F-C,22.63,31,12.4,25.8,14.4,41,0.659,87,0.69,0,0,4.7,3.3,14.9,0.5,6.2,0.35,1.1,0.71,6.4,78
137,Daniel Gafford,Was,F-C,22.63,23,17.8,37,18.9,67,0.672,138,0.681,0,0,10.1,5.6,16.6,0.5,4.4,0.65,1.78,0.83,6.8,78
138,Danilo Gallinari,Atl,F,32.77,51,24,49.9,21.2,174,0.925,221,0.466,254,0.406,13.3,4.2,9.5,1.5,9.2,0.59,0.2,0.84,7.3,79
139,Darius Garland,Cle,G,21.3,54,33.1,69.1,24.9,132,0.848,536,0.479,266,0.395,17.4,2.4,4,6.1,30.9,1.22,0.11,3.04,7.7,82
140,Marc Gasol,Lal,C,36.3,52,19.1,39.8,11.8,50,0.72,72,0.528,122,0.41,5,4.1,12.1,2.1,14.6,0.5,1.12,1.02,7.3,75
141,Rudy Gay,San,F-G,34.75,63,21.5,44.9,23.6,102,0.804,350,0.451,278,0.381,11.4,4.8,11.9,1.4,9.7,0.73,0.63,1.03,7.9,78
142,Paul George,Lac,F,31.04,54,33.7,70.3,30,228,0.868,537,0.51,416,0.411,23.3,6.6,11.1,5.2,24.6,1.15,0.44,3.31,11,88
143,Taj Gibson,Nyk,F,35.9,45,20.8,43.3,9.7,55,0.727,143,0.671,15,0.2,5.4,5.6,14.5,0.8,5.4,0.69,1.09,0.49,5.6,76
144,Shai Gilgeous-Alexander,Okc,G-F,22.85,35,33.7,70.2,27.8,229,0.808,395,0.547,170,0.418,23.7,4.7,7.3,5.9,31.2,0.77,0.66,3.03,10.3,86
145,Anthony Gill,Was,F,28.58,26,8.4,17.5,14.2,16,0.813,36,0.639,24,0.292,3.1,2,12.4,0.4,6.7,0.38,0.15,0.31,6.4,73
146,Freddie Gillespie,Tor,F,20,20,19.6,40.8,12.2,33,0.697,84,0.524,0,0,5.6,4.9,13.6,0.5,3.2,0.65,1.05,0.6,4.9,71
147,Rudy Gobert,Uta,C,28.89,71,30.8,64.2,17,374,0.623,575,0.68,4,0,14.3,13.5,23.3,1.3,6,0.56,2.68,1.66,8.2,88
148,Aaron Gordon,Orl,F,25.67,25,29.4,61.3,23.9,105,0.629,181,0.475,112,0.375,14.6,6.6,11.7,4.2,23,0.64,0.8,2.68,10.1,78
149,Aaron Gordon,Den,F,25.67,25,25.9,54,17.1,44,0.705,142,0.606,64,0.266,10.2,4.7,10.3,2.2,11.8,0.68,0.56,1.16,7.3,78
150,Eric Gordon,Hou,G,32.39,27,29.2,60.9,25.2,114,0.825,157,0.573,210,0.329,17.8,2.1,3.9,2.6,14.6,0.52,0.48,1.89,6.3,78
151,Jerami Grant,Det,F,27.18,54,33.9,70.6,28.5,343,0.845,603,0.473,329,0.35,22.3,4.6,7.6,2.8,14.3,0.65,1.07,2.02,7.8,82
152,Danny Green,Phi,G,33.9,69,28,58.4,14,40,0.775,113,0.434,432,0.405,9.5,3.8,7.4,1.7,8.3,1.33,0.81,0.96,5.6,77
153,Draymond Green,Gol,F,31.2,63,31.5,65.5,13.1,88,0.795,254,0.535,126,0.27,7,7.1,12.1,8.9,36.5,1.7,0.83,2.98,9.7,80
154,JaMychal Green,Den,F-C,30.9,58,19.3,40.2,17.6,57,0.807,176,0.534,198,0.399,8.1,4.8,14,0.9,6.4,0.45,0.38,0.91,6.8,76
155,Javonte Green,Bos,G-F,27.82,25,13.8,28.8,12.1,30,0.667,49,0.653,22,0.318,4.2,2.1,8.4,0.4,4.3,0.72,0.08,0.52,4.4,72
156,Javonte Green,Chi,G-F,27.82,16,8,16.7,14,10,1,23,0.478,8,0.375,2.6,1.2,8.2,0.4,6.1,0.63,0.25,0.38,5.4,72
157,Jeff Green,Bro,F,34.72,68,27,56.2,15.6,161,0.776,280,0.564,250,0.412,11,3.9,7.9,1.6,7.8,0.53,0.4,0.79,6.1,76
158,Josh Green,Dal,G,20.5,39,11.4,23.8,11.9,23,0.565,68,0.559,25,0.16,2.6,2,9.7,0.7,8.3,0.41,0.08,0.44,5.4,71
159,Blake Griffin,Det,F,32.17,20,31.3,65.2,19.6,62,0.71,98,0.429,124,0.315,12.3,5.2,9.2,3.9,18.4,0.7,0.1,1.6,8,78
160,Blake Griffin,Bro,F,32.17,26,21.5,44.9,18.9,55,0.782,108,0.574,81,0.383,10,4.7,11.9,2.4,15.5,0.69,0.5,1.15,9,78
161,Rui Hachimura,Was,F,23.27,57,31.5,65.7,18.1,161,0.77,511,0.519,137,0.328,13.8,5.5,9.2,1.4,6.3,0.79,0.12,1.19,6,78
162,Tyrese Haliburton,Sac,G,21.21,58,30.1,62.7,18.1,56,0.857,323,0.529,296,0.409,13,3,5.5,5.3,24.6,1.33,0.48,1.59,7.9,81
163,Josh Hall,Okc,F,20.6,21,16,33.3,18.1,44,0.5,62,0.419,37,0.108,4.1,2.8,9.1,1.3,11.6,0.19,0.05,1.19,6.2,66
164,James Harden,Hou,G,31.72,8,36.3,75.5,28.7,60,0.883,63,0.556,72,0.347,24.8,5.1,7.5,10.4,46.9,0.88,0.75,4.25,12.1,94
165,James Harden,Bro,G,31.72,36,36.6,76.3,28.4,263,0.856,337,0.552,262,0.366,24.6,8.6,12.9,10.9,43.8,1.28,0.75,3.97,14.4,94
166,Montrezl Harrell,Lal,F-C,27.3,69,22.9,47.7,21.7,256,0.707,593,0.632,10,0,13.5,6.2,15.2,1.1,7.7,0.67,0.71,1.07,7.9,77
167,Gary Harris,Den,G,26.67,19,30.6,63.8,13.7,30,0.733,81,0.556,75,0.32,9.7,2.5,4.6,1.7,7.1,0.89,0.21,0.74,4.5,73
168,Gary Harris,Orl,G,26.67,20,24.9,52,20.2,48,0.875,123,0.366,66,0.364,10.2,1.6,3.3,2.3,14.1,0.55,0.3,1.15,5.4,73
169,Joe Harris,Bro,G-F,29.69,69,31,64.7,16.2,63,0.778,263,0.555,444,0.475,14.1,3.6,6.4,1.9,8.4,0.68,0.2,0.9,5.9,79
170,Tobias Harris,Phi,F,28.84,62,32.5,67.7,23.9,204,0.892,716,0.546,208,0.394,19.5,6.8,11.4,3.5,17.6,0.89,0.82,1.73,9.5,85
171,Josh Hart,Nor,G,26.2,47,28.7,59.8,13.5,89,0.775,150,0.587,193,0.326,9.2,8,15.2,2.3,10.5,0.81,0.26,1.09,7.7,77
172,Udonis Haslem,Mia,F,40.94,1,2.7,5.6,33.4,0,0,2,1,0,0,4,1,21.2,0,0,0,0,0,0,70
173,Jaxson Hayes,Nor,C-F,20.98,60,16.1,33.5,16.2,120,0.775,266,0.635,14,0.429,7.5,4.3,14.5,0.6,5.2,0.42,0.63,0.65,6.7,76
174,Killian Hayes,Det,G,19.81,26,25.8,53.7,19,17,0.824,129,0.395,72,0.278,6.8,2.7,5.7,5.3,29.7,1.04,0.38,3.19,7.1,71
175,Gordon Hayward,Cha,F,31.15,44,34,70.8,23.9,185,0.843,453,0.499,205,0.415,19.6,5.9,9.3,4.1,19.5,1.18,0.32,2.07,9.2,83
176,Willy Hernangomez,Nor,C-F,26.97,47,18,37.5,17,93,0.667,258,0.581,10,0.1,7.8,7.1,21.4,1.1,8.4,0.47,0.49,0.72,8.7,75
177,Tyler Herro,Mia,G,21.32,54,30.3,63.1,23.5,117,0.803,402,0.498,297,0.36,15.1,4.9,9.3,3.4,18,0.65,0.31,1.87,8.3,79
178,Buddy Hield,Sac,G,28.41,71,34.3,71.4,20.7,104,0.846,271,0.446,721,0.391,16.6,4.7,7.6,3.6,14.7,0.89,0.42,1.83,7.6,79
179,George Hill,Okc,G,35.04,14,26.3,54.9,16.5,25,0.84,63,0.619,57,0.386,11.8,2.1,4.1,3.1,18.2,0.86,0.14,0.86,6.5,75
180,George Hill,Phi,G,35.04,16,18.9,39.5,15.2,25,0.76,54,0.463,23,0.391,6,2,5.8,1.9,13.3,0.69,0.19,1.19,6,75
181,Solomon Hill,Atl,F,30.16,71,21.3,44.4,10.3,46,0.761,85,0.447,212,0.321,4.4,3,7.7,1.1,6.4,0.7,0.15,0.59,4.6,70
182,Aaron Holiday,Ind,G,24.63,66,17.8,37.1,19.5,83,0.819,254,0.406,182,0.368,7.2,1.3,4.1,1.9,14.1,0.7,0.2,1,5.9,73
183,Jrue Holiday,Mil,G,30.93,59,32.3,67.3,22.2,136,0.787,540,0.561,283,0.392,17.7,4.5,7.4,6.1,26.3,1.64,0.63,2.15,9.7,85
184,Justin Holiday,Ind,F-G,32.12,72,30.3,63.2,14,85,0.788,172,0.494,453,0.382,10.5,3.6,6.4,1.7,7.1,1.03,0.57,0.75,5.3,73
185,Richaun Holmes,Sac,F,27.59,61,29.2,60.8,17.5,170,0.794,564,0.645,11,0.182,14.2,8.3,15.7,1.7,8.3,0.64,1.56,1.23,8,79
186,Rodney Hood,Por,G-F,28.57,38,19.1,39.8,14.1,12,0.75,117,0.41,84,0.298,4.7,1.9,5.4,1.2,8.5,0.53,0.11,0.82,4.6,72
187,Rodney Hood,Tor,G-F,28.57,17,12.7,26.5,14.2,16,0.938,30,0.4,29,0.31,3.9,1.8,7.6,0.4,3.8,0.24,0.18,0.29,4.4,72
188,Al Horford,Okc,C-F,34.95,28,27.9,58.2,21.6,22,0.818,208,0.51,152,0.368,14.2,6.7,12.5,3.4,20.1,0.89,0.93,1.04,9.8,79
189,Talen Horton-Tucker,Lal,G,20.47,65,20.1,41.8,21.7,129,0.775,357,0.524,131,0.282,9,2.6,7.3,2.8,20.8,0.97,0.32,1.63,8,76
190,Dwight Howard,Phi,C-F,35.44,69,17.3,36.1,18.3,210,0.576,283,0.611,20,0.25,7,8.4,26.7,0.9,7.2,0.43,0.9,1.62,8.7,78
191,Markus Howard,Den,G,22.21,37,5.5,11.5,27.2,9,0.778,41,0.537,65,0.277,2.8,0.6,5.8,0.5,12.6,0.11,0.03,0.49,6.9,67
192,Kevin Huerter,Atl,G-F,22.72,69,30.8,64.2,17.2,64,0.781,345,0.51,386,0.363,11.9,3.3,5.9,3.5,16.3,1.19,0.26,1.14,6.7,77
193,Elijah Hughes,Uta,G,23.19,18,3.5,7.4,25.6,4,0.75,7,0.286,23,0.348,1.7,0.5,7.5,0.3,13.5,0.06,0.06,0.33,7.2,69
194,De'Andre Hunter,Atl,F-G,23.46,23,29.5,61.4,20.2,85,0.859,153,0.582,95,0.326,15,4.8,8.9,1.9,9.7,0.83,0.52,1.26,7,80
195,Chandler Hutchison,Chi,F-G,25.06,7,9.1,18.9,16.3,2,1,15,0.267,3,0.333,1.9,2.9,17.4,0.6,7.9,0.14,0,0.71,6.5,71
196,Chandler Hutchison,Was,F-G,25.06,18,15.7,32.7,16.1,23,0.826,66,0.409,19,0.368,5.2,3.2,10.9,0.7,6,0.61,0.28,0.83,5.8,71
197,Serge Ibaka,Lac,F,31.66,41,23.3,48.5,20.1,53,0.811,250,0.588,115,0.339,11.1,6.7,16.2,1.8,11.5,0.22,1.15,1.07,8.8,79
198,Andre Iguodala,Mia,G-F,37.3,63,21.3,44.3,11.2,38,0.658,66,0.53,182,0.33,4.4,3.5,9.4,2.3,14.3,0.92,0.52,1.06,6.2,73
199,Joe Ingles,Uta,F-G,33.62,67,27.9,58,16.6,90,0.844,156,0.59,406,0.451,12.1,3.6,6.9,4.7,24,0.67,0.18,1.75,8.4,80
200,Brandon Ingram,Nor,F,23.7,61,34.3,71.5,28,320,0.878,726,0.51,375,0.381,23.8,4.9,7.8,4.9,22.4,0.69,0.59,2.51,9.7,84
201,Kyrie Irving,Bro,G,29.15,54,34.9,72.8,30.3,218,0.922,708,0.561,378,0.402,26.9,4.8,7.5,6,28.6,1.41,0.69,2.39,10.5,91
202,Frank Jackson,Det,G,23.04,40,18.5,38.4,21.4,75,0.813,143,0.51,150,0.407,9.8,2.2,6.5,0.9,7.9,0.38,0.03,0.88,5.8,74
203,Josh Jackson,Det,G-F,24.26,62,25.2,52.4,26.5,218,0.729,451,0.486,257,0.3,13.4,4.1,9.1,2.3,15.1,0.85,0.76,2.29,8,75
204,Reggie Jackson,Lac,G,31.09,67,23,48,20,82,0.817,303,0.465,282,0.433,10.7,2.9,7,3.1,19,0.63,0.1,1.1,8,80
205,LeBron James,Lal,F,36.38,45,33.4,69.6,31.9,255,0.698,537,0.592,285,0.365,25,7.7,12.9,7.8,41.8,1.07,0.56,3.73,13.7,96
206,Ty Jerome,Okc,G-F,23.86,33,23.9,49.7,18.8,34,0.765,119,0.479,168,0.423,10.7,2.8,6.1,3.6,23.7,0.61,0.18,1.42,8,75
207,Isaiah Joe,Phi,G,21.87,41,9.3,19.5,17.4,24,0.75,27,0.333,106,0.368,3.7,0.9,5.2,0.5,7.2,0.29,0.1,0.27,5.1,71
208,Alize Johnson,Bro,F,25.07,18,10.5,21.8,19.1,13,1,62,0.629,6,0.167,5.2,5,26.3,0.8,10.9,0.28,0.28,0.5,10.5,74
209,Cameron Johnson,Pho,F,25.2,60,24,49.9,17,59,0.847,148,0.581,335,0.349,9.6,3.3,7.9,1.4,8,0.62,0.27,0.67,5.9,77
210,James Johnson,Dal,F,34.24,29,17.4,36.2,16.2,29,0.586,85,0.612,60,0.25,5.7,3,9.4,1.7,13.7,0.83,0.79,0.93,7.1,73
211,James Johnson,Nor,F,34.24,22,24.5,51,18,47,0.596,122,0.516,60,0.267,9.2,4.1,9.2,2.2,12.2,0.82,0.86,1.27,7.1,73
212,Keldon Johnson,San,F-G,21.6,69,28.5,59.4,19.2,196,0.74,524,0.531,181,0.331,12.8,6,11.1,1.8,8.9,0.58,0.35,1.13,7.3,80
213,Nikola Jokic,Den,C,26.24,72,34.6,72,29.6,394,0.868,1056,0.606,237,0.388,26.4,10.8,17.8,8.3,40.4,1.32,0.67,3.08,15.4,95
214,Damian Jones,Pho,C,25.88,14,6.7,13.9,12.8,11,0.545,15,0.533,1,0,1.6,1.3,10.9,0.3,5.3,0.07,0.36,0.43,5.1,71
215,Damian Jones,Lal,C,25.88,8,14,29.1,10.6,12,0.917,17,0.941,0,0,5.4,3.3,13,0.1,1.3,0.13,0.88,0.63,3.5,71
216,Damian Jones,Sac,C,25.88,17,20,41.7,12.7,35,0.714,66,0.682,4,0.25,6.9,4.5,12.5,1.4,9.4,0.53,1,0.88,7,71
217,Tre Jones,San,G,21.35,37,7.3,15.1,16.1,19,0.895,73,0.466,5,0.6,2.5,0.6,4.2,1.1,20,0.22,0,0.35,6.5,71
218,Tyus Jones,Mem,G,25.02,70,17.5,36.4,16.6,45,0.911,273,0.487,140,0.321,6.3,2,6.1,3.7,28.6,0.9,0.09,0.69,8.2,75
219,DeAndre Jordan,Bro,C,32.82,57,21.9,45.5,13.2,92,0.5,249,0.763,1,0,7.5,7.5,18.9,1.6,10.1,0.3,1.14,1.49,8.2,76
220,Cory Joseph,Sac,G,29.74,44,21.5,44.7,14.3,47,0.766,156,0.513,94,0.33,6.6,2.3,5.9,2.5,14.9,0.86,0.2,1,6.3,75
221,Cory Joseph,Det,G,29.74,19,26.4,55,19.8,41,0.878,138,0.543,38,0.368,12,3.2,6.6,5.5,33.7,1.21,0.47,1.79,9,75
222,Mfiondu Kabengele,Lac,F-C,23.76,23,4.1,8.5,19.2,6,0.833,14,0.357,18,0.222,1.2,0.6,8.4,0.2,6.9,0.09,0.13,0.26,5.1,70
223,Mfiondu Kabengele,Cle,F-C,23.76,16,11.6,24.2,16.9,14,0.786,25,0.6,32,0.281,4.3,2.9,13.8,0.8,9.6,0.38,0.63,0.56,7.4,70
224,Frank Kaminsky,Pho,F-C,28.12,47,15.2,31.7,19,60,0.617,172,0.523,85,0.365,6.6,4,14.9,1.7,15.3,0.3,0.36,0.47,9.4,76
225,Enes Kanter,Por,C,28.99,72,24.4,50.8,17.4,164,0.774,557,0.607,4,0.25,11.2,11,24.2,1.2,7.2,0.46,0.67,1.08,8.7,79
226,Luke Kennard,Lac,G,24.89,63,19.6,40.8,17.1,31,0.839,190,0.511,224,0.446,8.3,2.6,7.3,1.7,11.9,0.35,0.14,0.76,6.8,75
227,Louis King,Sac,F,22.11,6,14.2,29.6,20.5,6,1,23,0.565,11,0.364,7.3,3,11.7,1.5,15.4,1.17,0.5,0.67,9,68
228,Maxi Kleber,Dal,F,29.3,50,26.8,55.9,10.6,37,0.919,63,0.46,212,0.41,7.1,5.2,10.7,1.4,6.6,0.48,0.7,0.6,5.6,76
229,Nathan Knight,Atl,F-C,23.66,33,8.4,17.6,21.6,55,0.8,66,0.47,33,0.182,3.8,2.2,14.1,0.2,4,0.27,0.3,0.45,5.7,71
230,John Konchar,Mem,G,25.15,43,13.4,27.9,12.4,30,0.833,82,0.585,56,0.375,4.3,3,11.8,1.1,10.7,0.7,0.21,0.42,7.2,74
231,Furkan Korkmaz,Phi,G-F,23.81,55,19.3,40.2,20.5,82,0.732,155,0.445,269,0.375,9.1,2.1,5.9,1.5,11.1,0.89,0.16,0.84,6.3,75
232,Kyle Kuzma,Lal,F,25.81,68,28.7,59.9,20.3,97,0.691,377,0.525,380,0.361,12.9,6.1,12,1.9,9.8,0.5,0.6,1.66,7.4,77
233,Anthony Lamb,Hou,F,23.32,24,17.3,36,15,21,0.857,47,0.489,71,0.324,5.5,2.9,9,1,7.8,0.25,0.21,0.79,5.8,68
234,Jeremy Lamb,Ind,G-F,28.96,36,21.3,44.3,18.4,75,0.947,148,0.459,128,0.406,10.1,3.6,9.3,1.5,9.4,0.94,0.64,0.61,7.1,78
235,Romeo Langford,Bos,G-F,21.56,18,15.7,32.7,11.3,12,0.75,41,0.39,18,0.278,3.1,1.9,6.9,0.7,5.9,0.33,0.22,0.56,4.1,69
236,Zach LaVine,Chi,G-F,26.19,58,35.1,73,31.1,298,0.849,646,0.571,477,0.419,27.4,5,7.9,4.9,23.4,0.79,0.47,3.5,10,87
237,Jake Layman,Min,F,27.2,45,13.9,29,15.1,37,0.703,106,0.642,78,0.295,5.1,1.5,5.8,0.6,6.4,0.64,0.42,0.58,4.8,72
238,Damion Lee,Gol,G-F,28.57,57,18.9,39.4,12.8,44,0.909,80,0.638,194,0.397,6.5,3.2,8.9,1.3,9.1,0.67,0.14,0.53,6.4,73
239,Saben Lee,Det,G,21.9,48,16.3,33.9,17,89,0.685,187,0.487,23,0.348,5.6,2,6.9,3.6,33.2,0.67,0.27,1.15,8.4,75
240,Alex Len,Tor,C,27.92,7,10.8,22.6,11.8,6,0.5,4,0.5,6,0.5,2.3,1.6,8,0.4,5.2,0.14,0.86,1.14,4.2,76
241,Alex Len,Was,C,27.92,57,15.8,33,16.7,110,0.636,249,0.647,19,0.263,7.1,4.4,14.6,0.8,7.2,0.33,1.02,0.82,7.4,76
242,Kawhi Leonard,Lac,F,29.88,52,34.1,71,28.6,295,0.885,654,0.557,254,0.398,24.8,6.5,10.7,5.2,24.9,1.56,0.4,2.02,11.1,95
243,Caris LeVert,Bro,G,26.73,12,27.8,57.9,31.5,34,0.765,137,0.474,63,0.349,18.5,4.3,8.6,6,34.2,1.08,0.5,2.17,11.2,82
244,Caris LeVert,Ind,G,26.73,35,32.9,68.6,27.9,146,0.822,419,0.501,195,0.318,20.7,4.6,7.6,4.9,22.8,1.51,0.69,2.17,9.4,82
245,Damian Lillard,Por,G,30.84,67,35.8,74.6,31.4,482,0.927,630,0.519,704,0.391,28.7,4.2,6.3,7.5,34.6,0.93,0.25,3.03,10.8,94
246,Nassir Little,Por,F-G,21.26,48,13.3,27.8,13.8,45,0.8,87,0.575,80,0.35,4.6,2.7,10.7,0.5,4.9,0.1,0.27,0.38,5.5,73
247,Kevon Looney,Gol,F,25.27,61,19,39.6,9.4,48,0.646,180,0.578,17,0.235,4.1,5.3,14.7,1.9,13.3,0.36,0.36,0.61,7.3,73
248,Brook Lopez,Mil,C,33.12,70,27.2,56.6,16.9,142,0.845,359,0.632,281,0.338,12.3,5,9.6,0.7,3.5,0.57,1.47,0.91,5.2,79
249,Robin Lopez,Was,C,33.12,71,19.1,39.7,17.1,137,0.723,406,0.65,18,0.278,9,3.8,10.6,0.8,5.9,0.21,0.62,1.06,6.3,76
250,Kevin Love,Cle,F-C,32.69,25,24.9,51.9,21.9,51,0.824,96,0.479,156,0.365,12.2,7.4,16.7,2.5,16,0.64,0.08,1.52,9.8,78
251,Kyle Lowry,Tor,G,35.15,46,34.8,72.5,21.4,160,0.875,265,0.487,331,0.396,17.2,5.3,8.4,7.3,31.8,1.02,0.26,2.74,10,83
252,Trey Lyles,San,F,25.53,23,15.6,32.4,12.9,23,0.652,50,0.58,40,0.35,5,3.7,12.8,0.6,5.3,0.26,0.04,0.26,5.7,73
253,Theo Maledon,Okc,G,19.93,65,27.3,57,19.4,135,0.748,301,0.402,313,0.335,10.1,3.2,6.2,3.5,18.8,0.85,0.17,2.17,7.1,74
254,Terance Mann,Lac,G-F,24.58,67,18.9,39.3,15.1,94,0.83,259,0.541,91,0.418,7,3.6,10.8,1.6,11.3,0.45,0.19,0.6,7.3,77
255,Boban Marjanovic,Dal,C,32.75,33,8.2,17.1,24.6,38,0.816,114,0.535,8,0.125,4.7,3.9,26,0.3,5.9,0.06,0.18,0.36,8.6,74
256,Lauri Markkanen,Chi,F-C,23.99,51,25.8,53.8,20.2,92,0.826,224,0.585,296,0.402,13.6,5.3,11.3,0.9,5,0.51,0.29,1.02,6.2,79
257,Naji Marshall,Nor,F,23.31,32,21.9,45.6,16.8,75,0.707,126,0.421,83,0.349,7.7,4.6,11.5,2.8,16.5,0.81,0.31,1.19,8.5,72
258,Cody Martin,Cha,F,25.63,52,16.3,34,12.5,43,0.581,130,0.515,58,0.276,4,3.1,10.3,1.7,13.9,0.73,0.23,0.77,6.8,72
259,Kelan Martin,Ind,F,25.79,35,9.2,19.2,20.9,10,0.9,78,0.487,60,0.4,4.5,2.2,13.1,0.5,7.5,0.29,0.29,0.46,7.4,72
260,Tyrese Maxey,Phi,G,20.53,61,15.3,32,23,70,0.871,326,0.512,103,0.301,8,1.7,6.1,2,19.9,0.43,0.21,0.67,7.9,76
261,Skylar Mays,Atl,G,23.7,33,8.2,17,19.1,25,0.88,58,0.517,40,0.35,3.8,1.1,7.1,0.9,16.4,0.42,0.06,0.27,7.6,71
262,CJ McCollum,Por,G,29.66,47,34,70.9,27.1,133,0.812,464,0.509,420,0.402,23.1,3.9,6.2,4.7,23,0.94,0.45,1.36,8.8,85
263,Jalen McDaniels,Cha,F-C,23.29,47,19.2,40.1,17,64,0.703,179,0.547,105,0.333,7.4,3.6,10.1,1.1,8.6,0.6,0.4,0.96,6.4,74
264,Jaden McDaniels,Min,F,20.63,63,24,50,12,45,0.6,169,0.544,198,0.364,6.8,3.7,8.3,1.1,6.4,0.56,0.95,0.75,5,75
265,Doug McDermott,Ind,F,29.37,66,24.5,51.1,20,98,0.816,379,0.641,286,0.388,13.6,3.3,7.4,1.3,7.8,0.3,0.09,0.8,6.3,76
266,JaVale McGee,Cle,C-F,33.32,33,15.2,31.8,24.6,55,0.655,195,0.549,20,0.25,8,5.2,18.9,1,11.4,0.48,1.21,1.36,9.1,76
267,JaVale McGee,Den,C-F,33.32,13,13.5,28.1,21.7,12,0.667,63,0.508,4,0,5.5,5.3,22.3,0.5,4.8,0.23,1.08,1.15,7.2,76
268,Rodney McGruder,Det,G,29.8,16,12.1,25.2,18.2,8,0.75,46,0.565,24,0.458,5.7,1.4,6.3,1,13.6,0.5,0.06,0.44,6.6,73
269,Ben McLemore,Hou,G,28.26,32,16.8,35,21.1,32,0.719,58,0.431,166,0.331,7.4,2.1,6.6,0.9,7.8,0.63,0.09,0.88,5.7,71
270,Ben McLemore,Lal,G,28.26,21,17.5,36.5,19.5,21,0.762,27,0.481,114,0.368,8,1.6,5.2,0.5,4.3,0.14,0.29,0.71,4.2,71
271,De'Anthony Melton,Mem,G,22.97,52,20.1,41.9,19.5,51,0.804,182,0.467,211,0.412,9.1,3.1,8.2,2.5,17.5,1.13,0.6,1.27,8.2,75
272,Sam Merrill,Mil,G,25,30,7.8,16.2,15.1,4,1,25,0.44,47,0.447,3,1,6.8,0.7,11.4,0.27,0.03,0.33,6.6,71
273,Chimezie Metu,Sac,F-C,24.15,36,13.6,28.2,20,43,0.721,142,0.549,37,0.351,6.3,3.1,12.8,0.8,8.2,0.39,0.53,0.81,7.4,74
274,Khris Middleton,Mil,F,29.76,68,33.4,69.5,25,236,0.898,709,0.508,365,0.414,20.4,6,9.4,5.4,23.2,1.09,0.15,2.6,10.4,88
275,Paul Millsap,Den,F,36.26,56,20.8,43.2,18.6,98,0.724,258,0.55,143,0.343,9,4.7,12.7,1.8,11.6,0.91,0.64,0.91,8.2,78
276,Shake Milton,Phi,G-F,24.64,63,23.2,48.3,25,176,0.83,464,0.494,203,0.35,13,2.3,5.6,3.1,20.3,0.62,0.29,1.63,7.8,76
277,Donovan Mitchell,Uta,G,24.69,53,33.4,69.6,33.5,316,0.845,630,0.476,461,0.386,26.4,4.4,7,5.2,26.7,0.98,0.28,2.77,10.1,88
278,Malik Monk,Cha,G,23.28,42,20.9,43.6,23.8,72,0.819,187,0.471,212,0.401,11.7,2.4,6.2,2.1,15.7,0.45,0.1,1.31,7.4,76
279,Ja Morant,Mem,G,21.77,63,32.6,67.9,27.2,372,0.728,716,0.499,241,0.303,19.1,4,6.5,7.4,33.5,0.9,0.21,3.22,10.1,85
280,Markieff Morris,Lal,F,31.7,61,19.7,41,16.5,50,0.72,169,0.521,209,0.311,6.7,4.4,12.4,1.2,8.6,0.36,0.31,0.89,6.7,72
281,Monte Morris,Den,G,25.89,47,25.5,53,16.5,73,0.795,253,0.534,134,0.381,10.2,2,4.6,3.2,17.1,0.72,0.28,0.72,6.3,78
282,Mychal Mulder,Gol,G,26.93,60,12.8,26.6,16.2,22,0.636,51,0.667,214,0.397,5.6,1,4.2,0.4,4.8,0.2,0.2,0.27,4.1,72
283,Dejounte Murray,San,G,24.66,67,31.9,66.5,23.4,134,0.791,775,0.488,199,0.317,15.7,7.1,11.8,5.4,25.9,1.51,0.1,1.75,10.6,82
284,Jamal Murray,Den,G,24.23,48,35.5,73.9,24.7,153,0.869,476,0.523,316,0.408,21.2,4,6.5,4.8,20.3,1.33,0.27,2.23,8.4,85
285,Mike Muscala,Okc,F-C,29.88,35,18.4,38.4,20,36,0.917,83,0.614,184,0.37,9.7,3.8,10.6,0.8,7,0.23,0.31,0.6,6.7,74
286,Abdel Nader,Pho,F,27.64,24,14.8,30.8,19,37,0.757,73,0.534,43,0.419,6.7,2.6,9.9,0.8,7.3,0.42,0.38,0.79,6.5,75
287,Aaron Nesmith,Bos,G-F,21.58,46,14.5,30.3,13.7,28,0.786,70,0.543,108,0.37,4.7,2.8,10.6,0.5,4.6,0.33,0.2,0.5,5.2,72
288,Raul Neto,Was,G,28.99,64,21.9,45.7,15.9,85,0.882,283,0.512,164,0.39,8.7,2.4,5.9,2.3,14,1.14,0.09,0.83,6.6,75
289,Georges Niang,Uta,F,27.92,72,16,33.4,17.4,23,0.957,113,0.469,292,0.425,6.9,2.4,8.1,0.8,7.3,0.36,0.1,0.71,5.9,73
290,Zeke Nnaji,Den,F-C,20.35,41,9.5,19.8,12.8,15,0.8,44,0.591,57,0.421,3.3,1.6,9.3,0.2,3,0.17,0.1,0.17,4.3,72
291,Nerlens Noel,Nyk,C-F,27.1,64,24.2,50.3,9.2,70,0.714,221,0.62,3,0,5.1,6.4,14.3,0.7,4.1,1.09,2.2,1.02,4.7,78
292,Jaylen Nowell,Min,G,21.86,42,18.1,37.6,21.4,55,0.818,185,0.497,150,0.333,9,2.3,6.8,1.5,12.5,0.52,0.29,0.67,6.9,74
293,Kendrick Nunn,Mia,G,25.79,56,29.5,61.4,20.9,60,0.933,338,0.583,320,0.381,14.6,3.2,6.2,2.6,14.5,0.96,0.25,1.43,6.7,78
294,Jusuf Nurkic,Por,C,26.73,37,23.8,49.6,22.3,113,0.619,303,0.525,30,0.4,11.5,9,20.2,3.4,21.4,1.03,1.08,1.97,11.9,81
295,David Nwaba,Hou,G-F,28.34,30,22.6,47.1,16.5,68,0.691,154,0.578,63,0.27,9.2,3.9,9.3,1,6.9,1,0.7,0.57,5.8,76
296,Jordan Nwora,Mil,F,22.69,30,9.1,19,26,25,0.76,73,0.466,62,0.452,5.7,2,11.5,0.2,3.6,0.53,0.23,0.8,5.8,73
297,Semi Ojeleye,Bos,F,26.45,56,17,35.3,11.6,32,0.75,63,0.492,158,0.367,4.6,2.6,8.6,0.7,5.1,0.3,0,0.38,4.8,73
298,Jahlil Okafor,Det,C-F,25.42,27,12.9,26.8,16.7,24,0.708,92,0.663,9,0.222,5.4,2.4,10.4,0.5,6.1,0.22,0.19,0.78,5.8,74
299,Chuma Okeke,Orl,F,22.75,45,25.2,52.4,14.5,40,0.75,183,0.47,141,0.348,7.8,4,8.3,2.2,13.2,1.07,0.51,0.84,6.5,75
300,Josh Okogie,Min,G,22.71,59,20.3,42.3,12.1,108,0.769,146,0.5,108,0.269,5.4,2.6,7.1,1.1,7,0.92,0.47,0.73,4.9,74
301,Onyeka Okongwu,Atl,F-C,20.43,50,12,25.1,14.7,57,0.632,146,0.658,3,0,4.6,3.3,14.8,0.4,4.4,0.46,0.66,0.58,6.1,74
302,Isaac Okoro,Cle,F-G,20.3,67,32.4,67.6,14.3,157,0.726,345,0.501,214,0.29,9.6,3.1,5.3,1.9,8.6,0.93,0.36,1.28,4.7,74
303,KZ Okpala,Mia,F-G,22.05,37,12.1,25.2,11.9,15,0.533,46,0.522,50,0.24,2.5,1.8,8.7,0.5,5.8,0.27,0.3,0.41,4.3,70
304,Victor Oladipo,Ind,G,29.03,9,33.3,69.3,26.5,37,0.73,83,0.47,69,0.362,20,5.7,9.2,4.2,18.7,1.67,0.22,2,9.4,80
305,Victor Oladipo,Hou,G,29.03,20,33.5,69.7,29.8,83,0.783,228,0.465,153,0.32,21.2,4.8,7.6,5,25.3,1.2,0.5,2.55,9.5,80
306,Victor Oladipo,Mia,G,29.03,4,27.8,57.9,26.3,18,0.667,26,0.462,17,0.235,12,3.5,7.2,3.5,18.8,1.75,0.5,3.5,7.6,80
307,Kelly Olynyk,Mia,F-C,30.08,43,26.9,56,17.5,40,0.775,134,0.634,242,0.318,10,6.1,12.9,2.1,11.7,0.93,0.6,1.28,7.5,78
308,Kelly Olynyk,Hou,F-C,30.08,27,31.1,64.8,22.9,135,0.844,196,0.643,125,0.392,19,8.4,14.5,4.1,21.9,1.44,0.59,2.63,11.2,78
309,Royce O'Neale,Uta,F,27.95,71,31.6,65.7,9.6,46,0.848,116,0.586,278,0.385,7,6.8,11.5,2.5,10.4,0.8,0.45,1.17,6.2,76
310,Miye Oni,Uta,G-F,23.78,54,9.6,20,9.8,6,0.833,11,0.455,88,0.341,1.9,1.6,8.6,0.5,6.8,0.2,0.15,0.3,4.8,70
311,Cedi Osman,Cle,F,26.11,59,25.6,53.3,20.4,95,0.8,262,0.458,324,0.306,10.4,3.4,7.4,2.9,17.7,0.9,0.15,1.36,7.3,72
312,Daniel Oturu,Lac,C,21.66,30,5.4,11.2,18.3,12,0.75,47,0.447,5,0.2,1.8,1.6,16.8,0.3,8.5,0.17,0.23,0.3,7.1,71
313,Jabari Parker,Sac,F,26.17,3,9.1,19,15.8,0,0,6,0.667,1,0,2.7,2,12.2,0.3,5,0,0.33,1,5.2,73
314,Jabari Parker,Bos,F,26.17,10,13.8,28.8,18.9,13,0.769,38,0.632,10,0.2,6.4,3.6,14.5,1,10.8,0.1,0.4,0.7,8.2,73
315,Eric Paschall,Gol,F,24.53,40,17.4,36.2,23.5,94,0.713,244,0.533,54,0.333,9.5,3.2,9.8,1.3,11.4,0.3,0.18,1.08,7.8,76
316,Chris Paul,Pho,G,36.03,70,31.4,65.5,22.6,181,0.934,621,0.543,258,0.395,16.4,4.4,8,8.9,40.8,1.43,0.26,2.23,11,90
317,Cameron Payne,Pho,G,26.77,60,18,37.5,19.8,56,0.893,229,0.515,166,0.44,8.4,2.4,7.6,3.6,28.1,0.6,0.27,1,9.3,76
318,Gary Payton II,Gol,G,28.46,10,4,8.4,16.7,4,0.75,9,0.889,4,0.5,2.5,1.1,14.5,0.1,4,0.6,0.1,0.1,6.5,72
319,Elfrid Payton,Nyk,G,27.23,63,23.6,49.1,23.2,107,0.682,524,0.46,98,0.286,10.1,3.4,7.9,3.2,21.6,0.75,0.14,1.63,8.1,74
320,Mason Plumlee,Det,F-C,31.2,56,26.8,55.8,16.3,169,0.669,373,0.627,7,0,10.4,9.3,19.3,3.6,21,0.77,0.89,1.88,10.5,79
321,Jakob Poeltl,San,C,25.59,69,26.7,55.7,13.4,124,0.508,430,0.616,0,0,8.6,7.9,15.8,1.9,10.1,0.68,1.78,1.22,7.6,77
322,Aleksej Pokusevski,Okc,C,19.39,45,24.2,50.5,20.5,42,0.738,201,0.403,207,0.28,8.2,4.7,10.2,2.2,13.1,0.44,0.93,2.2,7.3,74
323,Jordan Poole,Gol,G,21.91,51,19.4,40.4,25,119,0.882,198,0.545,276,0.351,12,1.8,5,1.9,15.4,0.51,0.18,1,7.1,76
324,Bobby Portis,Mil,F,26.26,66,20.8,43.3,21,73,0.74,442,0.541,157,0.471,11.4,7.1,17.9,1.1,7.4,0.79,0.39,0.85,8.6,79
325,Kristaps Porzingis,Dal,F-C,25.79,43,30.9,64.3,26.5,138,0.855,425,0.536,258,0.376,20.1,8.9,15.8,1.6,8.4,0.47,1.35,1.19,8.5,84
326,Dwight Powell,Dal,F-C,29.83,58,16.6,34.7,13.2,124,0.782,173,0.665,21,0.238,5.9,4.1,13.5,1.1,8.9,0.6,0.52,0.69,7.2,75
327,Norman Powell,Tor,G,27.98,42,30.4,63.4,24.2,163,0.865,297,0.552,269,0.439,19.6,3,5.4,1.8,10,1.12,0.19,1.83,6.2,80
328,Norman Powell,Por,G,27.98,27,34.4,71.6,20.5,108,0.88,205,0.502,147,0.361,17,3.3,5.1,1.9,8.1,1.3,0.37,1.59,5.5,80
329,Taurean Prince,Bro,F,27.15,12,18.2,37.8,19.4,27,0.889,37,0.459,37,0.351,8.1,2.8,8.6,0.6,4.3,0.67,0.67,0.92,5.2,74
330,Taurean Prince,Cle,G,27.15,29,23.7,49.4,19.7,49,0.837,135,0.385,118,0.415,10.1,3.7,8.8,2.4,15.4,0.69,0.52,1.24,7.6,74
331,Payton Pritchard,Bos,G,23.3,66,19.2,40,16.7,45,0.889,170,0.482,248,0.411,7.7,2.4,6.9,1.8,13.3,0.56,0.14,0.8,6.7,76
332,Immanuel Quickley,Nyk,G,21.92,64,19.4,40.5,25.6,174,0.891,277,0.401,303,0.389,11.4,2.1,6,2,16.2,0.47,0.19,0.91,7.5,78
333,Jahmi'us Ramsey,Sac,G,19.94,13,7.3,15.1,19.7,5,1,19,0.526,19,0.263,3.1,0.8,5.9,0.5,8.7,0.31,0.08,0.23,5.9,70
334,Julius Randle,Nyk,F-C,26.46,71,37.6,78.2,29.3,429,0.811,933,0.474,389,0.411,24.1,10.2,14.7,6,27.2,0.9,0.25,3.38,12.1,87
335,Cam Reddish,Atl,F-G,21.71,26,28.9,60.1,19.3,82,0.817,137,0.46,126,0.262,11.2,4,7.6,1.3,6.5,1.27,0.35,1.31,5.4,76
336,Paul Reed,Phi,F,21.92,26,6.8,14.2,22.7,8,0.5,72,0.583,6,0,3.4,2.3,18.9,0.5,10.9,0.38,0.5,0.46,9.3,72
337,Naz Reid,Min,C-F,21.72,70,19.2,40.1,22.5,166,0.693,407,0.597,174,0.351,11.2,4.6,12.9,1,8.7,0.49,1.07,0.99,7.8,76
338,Nick Richards,Cha,C,23.46,18,3.5,7.2,11.6,11,0.636,8,0.5,1,0,0.8,0.6,9.5,0.1,4.2,0,0,0.17,4.2,69
339,Josh Richardson,Dal,G,27.67,59,30.3,63.2,18.4,108,0.917,351,0.501,267,0.33,12.1,3.3,6,2.6,12.1,1.03,0.41,1.34,6.2,76
340,Grant Riller,Cha,G,24.27,7,3.9,8.1,20.6,0,0,8,0.75,4,0.5,2.6,0.1,2,0.4,20.6,0.14,0,0.14,4.8,69
341,Austin Rivers,Nyk,G,28.79,21,21.1,43.9,16.5,14,0.714,58,0.517,77,0.364,7.3,2.2,5.8,2,13.9,0.57,0,1.05,6,74
342,Austin Rivers,Den,G,28.79,15,26.9,56,14.2,17,0.706,38,0.5,72,0.375,8.7,2.3,4.9,2.6,12.5,1.2,0.13,0.93,5.6,74
343,Duncan Robinson,Mia,F,27.07,72,31.4,65.4,16.6,75,0.827,104,0.625,613,0.408,13.1,3.5,6.3,1.8,8.3,0.6,0.28,1.13,5.5,78
344,Mitchell Robinson,Nyk,C-F,23.13,31,27.5,57.3,11.8,53,0.491,176,0.653,0,0,8.3,8.1,16,0.5,2.9,1.13,1.45,0.84,4.7,80
345,Isaiah Roby,Okc,F,23.28,61,23.4,48.7,17.7,117,0.744,320,0.547,109,0.294,8.7,5.6,12.4,1.8,11.4,0.85,0.61,1.85,7.6,74
346,Rajon Rondo,Atl,G,35.23,27,14.9,31,16.2,2,0.5,65,0.415,45,0.378,3.9,2,7.5,3.5,32.2,0.7,0.07,1.44,8.1,76
347,Rajon Rondo,Lac,G,35.23,18,20.4,42.6,18.3,15,1,61,0.525,44,0.432,7.6,3.1,8.4,5.8,38.6,0.94,0.11,2.22,10.1,76
348,Derrick Rose,Det,G,32.61,15,22.8,47.4,30.1,50,0.84,145,0.455,39,0.333,14.2,1.9,4.7,4.2,32.5,1.2,0.27,1.93,8.5,83
349,Derrick Rose,Nyk,G,32.61,35,26.8,55.8,24.3,77,0.883,337,0.507,90,0.411,14.9,2.9,5.8,4.2,26.3,0.89,0.43,1.4,8.5,83
350,Terrence Ross,Orl,G-F,30.28,46,29.3,61,24.1,138,0.87,352,0.469,264,0.337,15.6,3.4,6.1,2.4,13.4,1.02,0.46,1.59,6.9,78
351,Terry Rozier,Cha,G,27.17,69,34.5,72,24.4,202,0.817,562,0.512,571,0.389,20.4,4.4,6.9,4.2,20,1.25,0.38,1.87,8.4,82
352,Ricky Rubio,Min,G,30.57,68,26.1,54.3,16,150,0.867,284,0.447,214,0.308,8.6,3.3,6.8,6.4,33.3,1.46,0.06,1.63,8.7,78
353,D'Angelo Russell,Min,G,25.23,42,28.5,59.3,29.1,149,0.765,342,0.471,310,0.387,19,2.6,5,5.8,33.7,1.07,0.43,2.67,9.3,83
354,Domantas Sabonis,Ind,F-C,25.04,62,36,75,24.1,328,0.732,742,0.582,162,0.321,20.3,12,18,6.7,27.5,1.23,0.53,3.44,13.1,86
355,Luka Samanic,San,F,21.35,33,9.3,19.5,19.4,29,0.552,62,0.565,43,0.279,3.7,2.1,11.7,0.5,6.9,0.24,0.24,0.61,6.8,71
356,Dario Saric,Pho,F-C,27.11,50,17.4,36.3,22.6,99,0.848,207,0.512,135,0.348,8.7,3.8,12.4,1.3,10.4,0.6,0.08,1.14,8.1,77
357,Tomas Satoransky,Chi,G,29.55,58,22.5,46.9,15.2,79,0.848,210,0.605,118,0.356,7.7,2.4,6,4.7,27.9,0.69,0.24,1.66,7.9,75
358,Jay Scrubb,Lac,G,20.71,4,21.1,43.9,23.8,5,1,27,0.444,9,0.222,8.8,3.5,9.3,0.3,1.7,1,0,1.75,4,67
359,Collin Sexton,Cle,G,22.36,60,35.3,73.4,29.7,383,0.815,841,0.508,264,0.371,24.3,3.1,4.9,4.4,22.6,1.05,0.17,2.78,7.8,82
360,Landry Shamet,Bro,G,24.18,61,23,47.9,16.7,78,0.846,123,0.463,333,0.387,9.3,1.8,4.4,1.6,9.3,0.52,0.16,0.79,5.2,73
361,Pascal Siakam,Tor,F,27.12,56,35.8,74.6,26.4,301,0.827,715,0.509,246,0.297,21.4,7.2,11.1,4.5,20.5,1.14,0.68,2.32,9.9,83
362,Ben Simmons,Phi,G-F,24.82,58,32.4,67.4,20.2,287,0.613,573,0.562,10,0.3,14.3,7.2,12.2,6.9,31.3,1.6,0.6,2.98,11,84
363,Anfernee Simons,Por,G,21.94,64,17.3,36,18.3,57,0.807,120,0.4,281,0.427,7.8,2.2,6.8,1.4,11.4,0.28,0.13,0.67,6.7,75
364,Marcus Smart,Bos,G,27.2,48,32.9,68.6,18.4,162,0.79,228,0.482,282,0.33,13.1,3.5,5.9,5.7,23.6,1.5,0.5,2,7.8,79
365,Jalen Smith,Pho,F-C,21.17,27,5.8,12,17.2,7,0.714,33,0.545,17,0.235,2,1.4,13.5,0.1,3.4,0.04,0.19,0.26,4.5,71
366,Tony Snell,Atl,G,29.52,47,21.1,44,8.6,11,1,62,0.419,109,0.569,5.3,2.4,6.2,1.3,7.9,0.28,0.23,0.45,4.8,75
367,Lamar Stevens,Cle,F,23.86,40,12.5,26,15.9,51,0.725,111,0.523,25,0.16,4.1,2.4,10.7,0.6,7.5,0.43,0.33,0.58,5.8,71
368,Isaiah Stewart,Det,F-C,19.99,68,21.4,44.6,15.5,92,0.696,346,0.592,63,0.333,7.9,6.7,17.3,0.9,6.3,0.56,1.26,0.99,6.8,78
369,Max Strus,Mia,G-F,25.13,39,13,27.1,18.3,24,0.667,39,0.897,148,0.338,6.1,1.1,4.6,0.6,7.3,0.28,0.05,0.21,4.9,73
370,Edmond Sumner,Ind,G,25.38,53,16.2,33.9,18.3,83,0.819,194,0.582,88,0.398,7.5,1.8,5.9,0.9,7.9,0.62,0.19,0.96,5.7,75
371,Jae'Sean Tate,Hou,F,25.55,70,29.2,60.8,16.4,147,0.694,431,0.594,195,0.308,11.3,5.3,9.8,2.5,13.2,1.21,0.51,1.41,7.3,77
372,Jayson Tatum,Bos,F-G,23.21,64,35.8,74.5,30.8,340,0.868,833,0.502,485,0.386,26.4,7.4,11.5,4.3,20.3,1.17,0.48,2.67,10.5,90
373,Garrett Temple,Chi,G-F,35.03,56,27.3,56.9,13,50,0.8,181,0.503,200,0.335,7.6,2.8,5.8,2.2,10.5,0.77,0.52,1.02,5.3,72
374,Tyrell Terry,Dal,G,20.63,11,5.1,10.7,15.2,3,0.333,9,0.556,7,0,1,0.5,5.9,0.5,13.9,0.45,0,0.18,4.9,70
375,Daniel Theis,Bos,F-C,29.12,42,24.5,50.9,15,67,0.687,193,0.653,95,0.347,9.5,5.2,11.9,1.6,9.3,0.6,1.02,0.98,7,76
376,Daniel Theis,Chi,F,29.12,23,24.9,52,16.8,43,0.651,121,0.636,57,0.281,10,5.9,13.1,1.8,10,0.7,0.61,1.09,7.6,76
377,Khyri Thomas,Hou,G,25.02,5,30.6,63.7,21.1,9,1,39,0.59,27,0.333,16.4,3.6,6.3,5,26.9,1.8,1.2,1.2,8.7,69
378,Matt Thomas,Tor,G,26.78,26,7.4,15.4,16,7,0.857,21,0.333,41,0.415,2.7,0.8,6,0.3,6.7,0.08,0,0.23,4.7,71
379,Matt Thomas,Uta,G,26.78,19,7.1,14.7,24.4,7,0.857,26,0.615,39,0.256,3.6,1.2,9.1,0.5,11.2,0.11,0,0.42,7.3,71
380,Tristan Thompson,Bos,C-F,30.18,54,23.8,49.6,14.8,120,0.592,323,0.523,3,0,7.6,8.1,19,1.2,7.2,0.44,0.61,1.15,7.1,77
381,Matisse Thybulle,Phi,G-F,24.2,65,20,41.6,9.4,18,0.444,100,0.59,143,0.301,3.9,1.9,5.3,1,6.3,1.62,1.09,0.49,3.9,75
382,Killian Tillie,Mem,F-C,23.2,18,10.1,21,14.8,11,0.818,24,0.375,33,0.303,3.2,1.3,7,0.4,5.6,0.28,0.44,0.11,4.7,69
383,Xavier Tillman,Mem,F,22.34,59,18.4,38.3,14.3,53,0.642,234,0.62,65,0.338,6.6,4.3,12.5,1.3,9.4,0.75,0.56,0.76,7.2,76
384,Obi Toppin,Nyk,F,23.2,62,11,23,15.9,26,0.731,124,0.629,85,0.306,4.1,2.2,11,0.5,6.4,0.27,0.24,0.37,6,76
385,Juan Toscano-Anderson,Gol,F,28.1,53,20.9,43.5,11,31,0.71,117,0.718,92,0.402,5.7,4.4,11.2,2.8,18.1,0.77,0.49,1.17,7.9,75
386,Karl-Anthony Towns,Min,C-F,25.5,50,33.8,70.4,29.1,311,0.859,560,0.541,315,0.387,24.8,10.6,17,4.5,22.6,0.76,1.14,3.2,12.5,87
387,Myles Turner,Ind,C-F,25.15,47,31,64.5,16.4,142,0.782,226,0.606,206,0.335,12.6,6.5,11.4,1,4.4,0.85,3.38,1.43,5.6,79
388,Jonas Valanciunas,Mem,C,29.03,62,28.3,59,22.4,203,0.773,685,0.612,57,0.368,17.1,12.5,23.4,1.8,10,0.56,0.92,1.61,10.3,83
389,Fred VanVleet,Tor,G,27.22,52,36.5,76.1,23.9,191,0.885,394,0.416,476,0.366,19.6,4.2,6.4,6.3,26.7,1.67,0.71,1.83,8.8,82
390,Devin Vassell,San,G-F,20.73,62,17,35.5,14.3,51,0.843,153,0.464,150,0.347,5.5,2.8,8.8,0.9,7.1,0.69,0.29,0.35,5.7,74
391,Gabe Vincent,Mia,G,24.92,50,13.1,27.3,19.1,23,0.87,84,0.5,149,0.309,4.8,1.1,4.9,1.3,15.1,0.42,0.04,0.68,5.8,70
392,Nikola Vucevic,Orl,C,30.56,44,34.1,71,29.9,110,0.827,620,0.515,288,0.406,24.5,11.8,17.9,3.8,22.1,0.95,0.64,1.89,12.1,85
393,Nikola Vucevic,Chi,C,30.56,26,32.6,67.9,28.2,46,0.87,336,0.509,152,0.388,21.5,11.6,19.7,3.9,20,0.88,0.77,1.65,12.2,85
394,Dean Wade,Cle,F-C,24.49,63,19.2,40.1,12.9,39,0.769,98,0.571,213,0.366,6,3.4,9.9,1.2,8.9,0.54,0.33,0.48,6,72
395,Moritz Wagner,Was,F-C,24.06,25,15,31.3,18.3,52,0.788,80,0.613,42,0.31,7.1,2.9,10.3,1.3,11.7,0.88,0.32,0.84,8,74
396,Moritz Wagner,Bos,F-C,24.06,9,6.8,14.1,16.9,2,0.5,8,0.25,6,0.333,1.2,2.1,17.4,0.7,12.4,0,0.11,1,7.1,74
397,Moritz Wagner,Orl,F-C,24.06,11,26,54.1,18.2,33,0.879,50,0.44,43,0.372,11,4.9,9.8,1.1,6.4,0.36,0.82,1.18,6,74
398,Kemba Walker,Bos,G,31.03,43,31.8,66.3,26.1,149,0.899,323,0.486,353,0.36,19.3,4,6.9,4.9,23.8,1.12,0.28,2.05,9.1,83
399,John Wall,Hou,G,30.69,40,32.2,67.1,31.7,211,0.749,477,0.449,249,0.317,20.6,3.2,5.3,6.9,36.2,1.05,0.78,3.53,9.6,83
400,Yuta Watanabe,Tor,G-F,26.59,50,14.5,30.1,12.7,29,0.828,90,0.478,90,0.4,4.4,3.2,12,0.8,7.7,0.52,0.4,0.38,6.2,74
401,Russell Westbrook,Was,G,32.51,65,36.4,75.9,30.3,413,0.656,965,0.475,273,0.315,22.2,11.5,16.8,11.7,48.6,1.35,0.35,4.8,15.8,86
402,Coby White,Chi,G,21.25,69,31.2,65.1,22.5,142,0.901,448,0.473,454,0.359,15.1,4.1,7.3,4.8,21.8,0.55,0.22,2.26,8.6,78
403,Derrick White,San,G,26.87,36,29.5,61.6,22.4,114,0.851,210,0.486,243,0.346,15.4,3,5.4,3.5,17.4,0.72,1,1.25,7.4,78
404,Hassan Whiteside,Sac,C,31.93,36,15.2,31.6,23.5,79,0.519,223,0.565,1,0,8.1,6,21.9,0.6,5.6,0.25,1.28,1.11,8.1,78
405,Andrew Wiggins,Gol,F,26.23,71,33.3,69.4,23.3,238,0.714,690,0.529,368,0.38,18.6,4.9,7.8,2.4,10.9,0.93,0.99,1.76,7.2,80
406,Grant Williams,Bos,F,22.46,63,18.1,37.6,12.3,51,0.588,118,0.508,129,0.372,4.7,2.8,8.7,1,7.4,0.51,0.37,0.89,5.2,70
407,Kenrich Williams,Okc,G-F,26.46,66,21.6,45,15.3,63,0.571,294,0.568,117,0.444,8,4.1,9.9,2.3,16.4,0.86,0.26,1.15,7.8,74
408,Zion Williamson,Nor,F,20.86,61,33.2,69.2,29.8,529,0.698,1003,0.622,34,0.294,27,7.2,11.8,3.7,19.8,0.93,0.64,2.74,10.8,89
409,Patrick Williams,Chi,F,19.72,71,27.9,58.2,14.9,125,0.728,390,0.515,138,0.391,9.2,4.6,9.1,1.4,6.7,0.9,0.65,1.38,5.6,75
410,Dylan Windler,Cle,G-F,24.65,31,16.5,34.5,14.9,27,0.778,53,0.585,78,0.333,5.2,3.5,11.6,1.1,9.4,0.61,0.39,1.03,6.6,73
411,Justise Winslow,Mem,F-G,25.14,26,19.5,40.6,21.9,35,0.571,156,0.41,54,0.185,6.8,4.5,12.3,1.9,13.3,0.58,0.46,1.42,7.9,74
412,Cassius Winston,Was,G,23.21,22,4.5,9.3,17.1,6,0.833,16,0.375,17,0.471,1.9,0.4,4.9,0.5,16.3,0.09,0.05,0.23,6.4,69
413,James Wiseman,Gol,C,20.13,39,21.4,44.7,23.8,86,0.628,330,0.542,38,0.316,11.5,5.8,14.4,0.7,4.9,0.28,0.92,1.54,6.7,77
414,Christian Wood,Hou,F,25.64,41,32.3,67.4,25.9,198,0.631,434,0.581,206,0.374,21,9.6,15.9,1.7,9.4,0.83,1.17,1.95,8.7,83
415,Delon Wright,Det,G,29.06,36,29.2,60.9,15.8,90,0.789,204,0.515,89,0.348,10.4,4.6,8.7,5,25.7,1.58,0.53,1.33,8.5,76
416,Delon Wright,Sac,G,29.06,27,25.8,53.7,17.1,36,0.833,142,0.5,83,0.398,10,3.9,8.4,3.6,18.9,1.56,0.37,1.3,8.1,76
417,Thaddeus Young,Chi,F,32.9,68,24.3,50.6,22.3,113,0.628,618,0.579,45,0.267,12.1,6.2,14.1,4.3,27.1,1.09,0.59,2,11.3,79
418,Trae Young,Atl,G,22.66,63,33.7,70.3,33,546,0.886,715,0.491,397,0.343,25.3,3.9,6.3,9.4,45.5,0.84,0.17,4.14,11.6,89
419,Cody Zeller,Cha,F-C,28.61,48,20.9,43.6,18.3,119,0.714,296,0.598,28,0.143,9.4,6.8,17.7,1.8,13.2,0.56,0.35,1.06,9.3,78
420,Ivica Zubac,Lac,C,24.16,72,22.3,46.5,15.2,171,0.789,390,0.656,4,0.25,9,7.2,18.1,1.3,7.9,0.33,0.86,1.13,7.9,78
0,Steven Adams,Okc,C,27.07,63,26.7,55.6,17.3,201,0.582,475,0.594,3,0.333,10.9,9.3,19.2,2.3,13.2,0.81,1.06,1.51,9.2,82
1,Bam Adebayo,Mia,C-F,23.08,72,33.6,69.9,21.2,382,0.691,777,0.564,14,0.143,15.9,10.2,17,5.1,24.2,1.14,1.29,2.82,11.2,86
2,LaMarcus Aldridge,San,F-C,35.07,53,33.1,68.9,23.4,191,0.827,637,0.518,157,0.389,18.9,7.4,12,2.4,11.4,0.68,1.64,1.4,8.4,84
3,Kyle Alexander,Mia,F-C,23.81,2,6.7,14,9.9,0,0,2,0.5,0,0,1,1.5,12.5,0,0,0,0,0.5,0,68
4,Nickeil Alexander-Walker,Nor,G,21.95,47,12.6,26.2,23.3,37,0.676,133,0.391,133,0.346,5.7,1.8,7.5,1.9,21.1,0.36,0.17,1.15,8.5,71
5,Grayson Allen,Mem,G,24.85,38,18.9,39.4,17.6,45,0.867,110,0.545,141,0.404,8.7,2.2,6.2,1.4,10,0.32,0.05,0.87,6.3,72
6,Jarrett Allen,Bro,C,22.32,70,26.5,55.1,14.9,270,0.633,459,0.658,6,0,11.1,9.6,18.7,1.6,8.9,0.57,1.31,1.1,8.4,81
7,Kadeem Allen,Nyk,G,27.58,10,11.7,24.4,20.6,11,0.636,28,0.5,16,0.313,5,0.9,4.1,2.1,27,0.5,0.2,0.8,7.2,72
8,Al-Farouq Aminu,Orl,F,29.9,18,21.1,44,13.2,29,0.655,50,0.32,36,0.25,4.3,4.9,12.5,1.2,7.4,1,0.44,0.94,5.6,75
9,Justin Anderson,Bro,F-G,26.74,10,10.7,22.4,17.1,4,0.5,9,0.444,29,0.207,2.8,2.1,10.1,0.8,10.1,0,0.6,0.4,6.3,71
10,Kyle Anderson,Mem,F-G,26.9,67,19.8,41.4,13.5,78,0.667,246,0.541,85,0.282,5.8,4.3,11.3,2.4,15.9,0.78,0.55,0.99,7.9,75
11,Ryan Anderson,Hou,F,32.27,2,7,14.6,23.7,0,0,2,0.5,5,0.2,2.5,3.5,26.2,1,20.4,0.5,0,0.5,11.8,70
12,Giannis Antetokounmpo,Mil,F,25.69,63,30.4,63.4,37.5,629,0.633,945,0.631,293,0.304,29.5,13.6,22.1,5.6,34.2,0.98,1.05,3.65,17.2,97
13,Kostas Antetokounmpo,Lal,F,22.74,5,4,8.4,10.2,2,0.5,3,1,0,0,1.4,0.6,8.2,0.4,13.6,0,0,0.2,7,69
14,Thanasis Antetokounmpo,Mil,F,28.08,20,6.4,13.4,21.6,17,0.412,38,0.632,10,0,2.8,1.2,9.2,0.8,16.4,0.35,0.1,0.6,8.7,70
15,Carmelo Anthony,Por,F,36.21,58,32.8,68.3,21.2,161,0.845,556,0.448,226,0.385,15.4,6.3,10.2,1.5,6.4,0.84,0.47,1.72,6.4,78
16,OG Anunoby,Tor,F,23.08,69,29.9,62.4,14.3,102,0.706,338,0.583,228,0.39,10.6,5.3,9.3,1.6,7.5,1.41,0.65,1.14,6,79
17,Ryan Arcidiacono,Chi,G,26.39,58,16,33.4,12.5,38,0.711,82,0.439,138,0.391,4.5,1.9,6.5,1.7,14.3,0.47,0.05,0.64,6.1,70
18,Trevor Ariza,Sac,F,35.13,32,24.7,51.5,11.2,27,0.778,43,0.488,122,0.352,6,4.6,10.4,1.6,8.3,1.09,0.25,0.88,5.7,74
19,Trevor Ariza,Por,F,35.13,21,33.4,69.6,12.6,47,0.872,74,0.595,85,0.4,11,4.8,7.5,2,7.6,1.62,0.38,1.33,5.7,74
20,Deandre Ayton,Pho,C,22.06,38,32.5,67.8,23.6,89,0.753,555,0.553,13,0.231,18.2,11.5,19.6,1.9,9.6,0.66,1.53,2.11,9.1,84
21,Dwayne Bacon,Cha,G-F,24.96,39,17.6,36.7,19.5,53,0.66,177,0.373,67,0.284,5.7,2.6,8,1.3,11.7,0.59,0.05,0.95,6.1,70
22,Lonzo Ball,Nor,G,22.8,63,32.1,67,18.4,76,0.566,292,0.442,395,0.375,11.8,6.1,10,6.9,28.9,1.41,0.59,3.05,9.9,77
23,Mo Bamba,Orl,C,22.26,62,14.2,29.5,17.1,46,0.674,179,0.531,107,0.346,5.4,4.9,18.6,0.7,7.2,0.37,1.37,0.68,7.5,76
24,Harrison Barnes,Sac,F,28.21,72,34.5,71.8,17.4,267,0.801,524,0.502,268,0.381,14.5,4.9,8,2.2,9.3,0.6,0.17,1.22,6.2,78
25,RJ Barrett,Nyk,F-G,20.17,56,30.4,63.4,24,254,0.614,530,0.432,197,0.32,14.3,5,8.8,2.6,12.8,0.95,0.3,2.21,7.5,75
26,Will Barton,Den,G,29.61,58,33,68.8,20.1,135,0.77,450,0.498,288,0.375,15.1,6.3,10.7,3.7,16,1.07,0.5,1.52,8.6,79
27,Keita Bates-Diop,Min,F,24.56,37,17.5,36.4,15.8,65,0.708,112,0.5,94,0.33,6.8,3,9,0.8,6.7,0.46,0.54,0.38,5.8,71
28,Keita Bates-Diop,Den,F,24.56,7,14,29.2,15.7,10,0.8,19,0.526,9,0.333,5.3,2.4,9.7,0,0,0.29,0.57,0.43,0,71
29,Nicolas Batum,Cha,G-F,31.67,22,23,47.8,9.4,10,0.9,32,0.438,49,0.286,3.6,4.5,10.7,3,18,0.77,0.36,1,6.3,73
30,Aron Baynes,Pho,C-F,33.68,42,22.2,46.3,21.2,75,0.747,214,0.579,168,0.351,11.5,5.7,14.3,1.6,10.9,0.21,0.55,1.19,8.5,78
31,Kent Bazemore,Por,G-F,31.12,43,25.8,53.8,15.9,72,0.806,155,0.368,171,0.327,7.9,4,8.1,1.4,7.1,1.05,0.72,1.4,5.5,74
32,Kent Bazemore,Sac,G-F,31.12,25,23.1,48.1,20.4,75,0.733,135,0.437,73,0.384,10.3,4.9,11.9,1.3,8,1.16,0.36,1.24,7,74
33,Darius Bazley,Okc,F-G,20.17,61,18.5,38.6,15.2,62,0.694,176,0.432,141,0.348,5.6,4,12,0.7,5.1,0.38,0.67,0.74,5.4,73
34,Bradley Beal,Was,G,27.13,57,36,75,34.4,458,0.843,822,0.515,481,0.353,30.6,4.2,6.4,6.1,29.5,1.26,0.4,3.42,10.2,88
35,Malik Beasley,Den,G,23.72,41,18.2,37.9,20.6,38,0.868,140,0.421,161,0.36,7.9,1.9,5.8,1.2,9.1,0.76,0.15,0.88,5.8,77
36,Malik Beasley,Min,G,23.72,14,33.1,68.9,23.8,28,0.75,118,0.517,115,0.426,20.7,5.1,8.1,1.9,9.8,0.64,0.14,1.57,7.1,77
37,Marco Belinelli,San,G,34.39,57,15.5,32.3,17.5,58,0.828,136,0.412,178,0.376,6.3,1.7,6,1.2,10.7,0.21,0.02,0.33,6,71
38,Jordan Bell,Min,F,25.6,27,8.7,18.1,15.9,29,0.586,51,0.588,9,0.222,3.1,2.9,17.7,0.5,8.6,0.07,0.37,0.67,7.6,74
39,Jordan Bell,Mem,F,25.6,2,10.7,22.3,21.2,2,1,4,0.25,3,0.667,5,1.5,7.4,1,12.6,0.5,0,1.5,7.3,74
40,Dragan Bender,Mil,F,22.74,7,13,27,12.4,3,0.667,12,0.5,9,0.444,3.7,2.9,10.9,1.3,12.6,0,0.71,0.71,7.4,69
41,Dragan Bender,Gol,F,22.74,9,21.6,45.1,20.1,11,0.727,37,0.541,34,0.324,9,5.9,14.7,2.1,15.3,0.44,0.44,1.78,8.9,69
42,Davis Bertans,Was,F,27.75,54,29.3,61.1,19,122,0.852,138,0.471,472,0.424,15.4,4.5,8.5,1.7,8.4,0.69,0.61,1.09,6.7,79
43,Patrick Beverley,Lac,G,32.09,51,26.3,54.8,13.3,47,0.66,135,0.496,206,0.388,7.9,5.2,10.3,3.6,18.2,1.06,0.49,1.29,8,78
44,Khem Birch,Orl,C,27.88,48,19.2,40,10.2,101,0.653,142,0.514,1,0,4.4,4.6,12.8,1,7.3,0.42,0.48,0.65,5.7,72
45,Goga Bitadze,Ind,C-F,21.07,54,8.7,18.2,17.8,33,0.727,108,0.574,42,0.19,3.2,1.9,12.1,0.4,6.7,0.19,0.69,0.5,6.2,73
46,Bismack Biyombo,Cha,C,27.96,53,19.4,40.5,16.8,151,0.603,278,0.543,0,0,7.4,5.8,16.3,0.9,7.8,0.19,0.92,0.91,7,76
47,Nemanja Bjelica,Sac,F,32.27,72,27.9,58.2,17,84,0.821,333,0.541,321,0.417,11.5,6.3,12.8,2.8,14.7,0.85,0.56,1.36,8.4,78
48,Eric Bledsoe,Mil,G,30.68,61,27,56.2,23.7,214,0.79,490,0.531,215,0.344,14.9,4.7,8.6,5.4,28.7,0.92,0.43,2.43,10.7,83
49,Bojan Bogdanovic,Uta,F,31.33,63,33.1,68.9,25.5,277,0.903,478,0.479,457,0.414,20.2,4.1,6.8,2.1,10,0.54,0.11,2.54,6.7,81
50,Bogdan Bogdanovic,Sac,G,27.99,61,28.9,60.3,22.5,116,0.741,325,0.532,441,0.372,15.1,3.4,6.6,3.4,18,1.07,0.25,1.66,7.7,79
51,Bol Bol,Den,C-F,20.75,6,14.5,30.2,21.2,10,0.8,19,0.526,9,0.444,6.7,3.2,12.3,1,9.8,0.33,1,1.67,7.7,71
52,Jonah Bolden,Phi,F,24.62,4,3.6,7.4,17.7,2,0,2,1,1,0,1,0.3,3.9,0,0,0.25,0,0.5,0,73
53,Jonah Bolden,Pho,F,24.62,3,10.9,22.8,11.5,2,1,5,0.4,3,0,2,2.7,13.5,0,0,0.67,0.67,0,0,73
54,Marques Bolden,Cle,C,22.33,1,2.8,5.8,0,0,0,0,0,0,0,0,2,39.7,0,0,1,0,0,0,68
55,Jordan Bone,Det,G,22.78,10,5.3,11,18.1,0,0,10,0.3,10,0.2,1.2,0.4,4.3,0.8,21,0.1,0,0.2,5.5,68
56,Isaac Bonga,Was,G,20.77,66,18.9,39.4,10.9,85,0.812,163,0.571,71,0.352,5,3.4,9.7,1.2,7.9,0.68,0.33,0.86,5.8,72
57,Devin Booker,Pho,G,23.79,70,35.9,74.8,30,509,0.919,885,0.549,398,0.354,26.6,4.2,6.5,6.5,30,0.69,0.26,3.77,10,87
58,Chris Boucher,Tor,F-C,27.59,62,13.2,27.5,19.8,116,0.784,181,0.569,118,0.322,6.6,4.5,17.9,0.4,4.8,0.37,1,0.45,6.9,77
59,Ky Bowman,Gol,G,23.16,45,22.6,47,17.2,41,0.829,214,0.472,107,0.308,7.4,2.7,6.4,2.9,19.4,1,0.22,1.56,6.8,71
60,Avery Bradley,Lal,G,29.72,49,24.2,50.4,15.7,24,0.833,210,0.51,173,0.364,8.6,2.3,5.3,1.3,7.2,0.88,0.1,0.96,4.9,74
61,Tony Bradley,Uta,C-F,22.52,58,11.4,23.8,15.8,46,0.652,186,0.661,3,1,4.9,4.6,22.2,0.4,5.4,0.24,0.57,0.52,7.3,75
62,Jarrell Brantley,Uta,F,24.19,9,10.7,22.2,16.3,2,0.5,15,0.467,13,0.231,2.7,2.2,11.5,1.2,15.8,0.33,0.56,0.78,7.2,67
63,Ignas Brazdeikis,Nyk,F,21.6,9,5.9,12.3,20.9,5,0.8,13,0.385,9,0.111,1.9,0.6,5,0.4,10.5,0,0.11,0.22,5.2,70
64,Corey Brewer,Sac,G-F,34.45,5,6.5,13.6,9.7,3,0.333,3,0.667,1,0,1,1.6,13.8,0.4,7.8,0.8,0,0.4,5.3,73
65,Miles Bridges,Cha,F,22.4,65,30.7,64,20,131,0.809,453,0.486,300,0.33,13,5.6,9.9,1.8,9.4,0.62,0.74,1.45,6.6,77
66,Mikal Bridges,Pho,F,23.96,73,28,58.3,12.7,122,0.844,290,0.61,194,0.361,9.1,4,7.9,1.8,8.6,1.44,0.63,1,5.8,77
67,Oshae Brissett,Tor,F-G,22.15,19,7.1,14.8,15,10,0.8,21,0.476,15,0.2,1.9,1.4,10.2,0.4,7,0.21,0.05,0.37,5.8,67
68,Ryan Broekhoff,Dal,G-F,29.98,17,10.6,22.1,16.2,8,0.875,8,0.25,51,0.392,4.2,2.5,12.5,0.6,8.3,0.29,0.24,0.35,7,72
69,Malcolm Brogdon,Ind,G,27.67,54,30.9,64.3,25.2,186,0.892,515,0.487,230,0.326,16.5,4.9,8.6,7.1,33.8,0.65,0.19,2.43,10.8,83
70,Dillon Brooks,Mem,G-F,24.56,73,28.9,60.3,25.2,203,0.808,655,0.44,412,0.357,16.2,3.3,6.1,2.1,10.5,0.86,0.37,1.7,6.7,77
71,Bruce Brown,Det,G-F,24,58,28.2,58.7,16,119,0.739,351,0.47,96,0.344,8.9,4.7,9.5,4,20.4,1.09,0.5,1.74,7.8,74
72,Jaylen Brown,Bos,F-G,23.81,57,33.9,70.7,24.7,243,0.724,549,0.543,338,0.382,20.3,6.4,10.1,2.1,9.7,1.16,0.35,2.19,7.7,84
73,Moses Brown,Por,C,20.84,9,3.7,7.6,21.3,8,0.375,10,0.4,0,0,1.2,1.6,22.3,0.1,4,0.11,0.11,0.33,6.2,67
74,Sterling Brown,Mil,G-F,25.51,52,14.7,30.7,17,40,0.8,120,0.425,136,0.324,5.1,3.5,11.8,1,8.6,0.56,0.13,0.81,7.1,71
75,Jalen Brunson,Dal,G,23.95,57,17.9,37.4,20.3,75,0.813,268,0.515,120,0.358,8.2,2.4,6.9,3.3,27,0.39,0.07,1.16,9,77
76,Thomas Bryant,Was,C-F,23.04,46,24.9,51.9,18.9,115,0.739,327,0.63,91,0.407,13.2,7.2,15.8,1.8,11.1,0.54,1.07,1.15,8.9,79
77,Reggie Bullock,Nyk,G-F,29.42,29,23.6,49.2,15.6,21,0.81,113,0.469,111,0.333,8.1,2.3,5.3,1.4,8.8,0.86,0.1,0.66,5,72
78,Trey Burke,Phi,G,27.75,25,13.1,27.4,19.2,18,0.722,89,0.483,38,0.421,5.9,1.4,5.7,2.1,24,0.28,0.04,0.48,7.9,76
79,Trey Burke,Dal,G,27.75,8,23.9,49.8,21.4,11,0.909,45,0.422,37,0.432,12,1.9,4.1,3.8,23.2,1.13,0.13,1.13,7.4,76
80,Alec Burks,Gol,G,29.07,48,29,60.3,23.8,224,0.897,377,0.424,224,0.375,16.1,4.7,8.8,3.1,17.4,1.02,0.33,1.58,8.5,77
81,Alec Burks,Phi,G,29.07,18,20.2,42.2,23.6,41,0.829,90,0.5,77,0.416,12.2,3.1,8.5,2.1,16.3,0.67,0,0.83,8.5,77
82,Deonte Burton,Okc,G-F,26.54,39,9.1,19,18.5,14,0.571,72,0.458,53,0.189,2.7,1.5,8.8,0.4,6.8,0.15,0.26,0.49,5.2,70
83,Jimmy Butler,Mia,F,30.92,58,33.8,70.4,25.1,525,0.834,640,0.494,119,0.244,19.9,6.6,11,6,28.1,1.78,0.55,2.19,10.9,89
84,Bruno Caboclo,Mem,F,24.9,22,8.7,18.2,16.8,3,0.667,44,0.545,25,0.16,2.8,2,12.1,0.5,7.1,0.45,0.55,0.32,6.5,72
85,Bruno Caboclo,Hou,F,24.9,8,6.5,13.6,22.7,6,1,12,0.667,8,0.25,3.5,2,16,0.3,5.9,0.63,0.63,0.75,7.9,72
86,Devontae Cacok,Lal,F,23.85,1,8.9,18.5,28.4,0,0,6,0.5,0,0,6,5,30.7,1,20.7,0,0,0,14,69
87,Kentavious Caldwell-Pope,Lal,G,27.49,69,25.5,53.2,14.7,102,0.775,268,0.541,239,0.385,9.3,2.1,4.4,1.6,8.5,0.84,0.2,0.9,4.9,75
88,Vlatko Cancar,Den,F,23.35,14,3.2,6.8,18.9,4,1,9,0.556,6,0.167,1.2,0.7,12.3,0.2,9,0.07,0.07,0.21,6.9,70
89,Clint Capela,Hou,C,26.24,39,32.8,68.3,16.1,104,0.529,388,0.629,0,0,13.9,13.8,22,1.2,5.7,0.87,1.79,1.62,7.5,82
90,DeMarre Carroll,San,F,34.05,15,9,18.8,15.3,20,0.6,16,0.375,13,0.231,2.2,2.1,12.4,0.7,10.1,0.13,0.13,0.67,6.6,73
91,DeMarre Carroll,Hou,F,34.05,9,17.2,35.9,14.4,22,0.773,17,0.647,20,0.25,6,2.7,8.1,1.6,12.2,0.67,0.33,0.78,6.9,73
92,Jevon Carter,Pho,G,24.92,58,16.3,34,12.9,27,0.852,97,0.402,146,0.425,4.9,2,6.9,1.4,11.9,0.78,0.29,0.53,5.9,73
93,Michael Carter-Williams,Orl,G,28.85,45,18.5,38.6,18.3,95,0.832,185,0.481,75,0.293,7.2,3.3,9.5,2.4,19.1,1.09,0.49,1.16,8.3,76
94,Alex Caruso,Lal,G,26.46,64,18.4,38.3,13.8,94,0.734,171,0.468,120,0.333,5.5,1.9,5.7,2,13.7,1.09,0.28,0.83,6,74
95,Willie Cauley-Stein,Gol,C,26.99,41,22.9,47.8,14.4,57,0.614,257,0.56,0,0,7.9,6.2,14.7,1.5,9.9,1.12,1.22,0.85,7.3,77
96,Willie Cauley-Stein,Dal,C,26.99,13,12.1,25.2,14.7,9,0.556,44,0.705,1,0,5.2,4.6,20.1,0.8,9.6,0.31,0.85,0.38,8.8,77
97,Tyson Chandler,Hou,C,37.87,26,8.4,17.6,6,13,0.462,18,0.778,0,0,1.3,2.5,15.8,0.2,3.5,0.23,0.31,0.31,4.1,72
98,Wilson Chandler,Bro,F,33.27,35,21,43.7,12.9,23,0.87,62,0.597,121,0.306,5.9,4.2,10.3,1.1,7.3,0.46,0.34,0.97,5.7,70
99,Joe Chealey,Cha,G,24.79,4,8.4,17.4,13,2,1,3,0,4,0,0.5,0,0,0.3,3.9,1,0,0.5,0,68
100,Zylan Cheatham,Nor,F,24.74,4,12.8,26.6,10.4,0,0,8,0.75,1,0,3,2.3,9.3,0.8,7.7,0.25,0.25,1,5.5,67
101,Chris Chiozza,Was,G,24.73,10,12.3,25.5,14.6,0,0,18,0.167,16,0.438,2.7,1.5,6.7,2.8,29.3,1,0.2,0.9,7.3,72
102,Chris Chiozza,Bro,G,24.73,18,15.5,32.2,19.7,5,1,50,0.5,56,0.357,6.4,2.1,7.1,3.1,29.5,0.61,0.11,1.28,8.9,72
103,Marquese Chriss,Gol,F,23.12,59,20.3,42.2,19,156,0.769,347,0.582,39,0.205,9.3,6.2,16.6,1.9,15.3,0.66,1.05,1.32,9.4,76
104,Brandon Clarke,Mem,F-G,23.9,58,22.4,46.7,18.6,112,0.759,413,0.661,64,0.359,12.1,5.9,13.9,1.4,9.5,0.57,0.83,0.95,8.3,80
105,Gary Clark,Hou,F,25.75,18,11.8,24.5,12.5,7,0.857,8,0.625,51,0.353,3.9,2.2,9.9,0.7,7.7,0.11,0.39,0.11,6.2,72
106,Gary Clark,Orl,F,25.75,24,14.8,30.8,10.1,3,1,14,0.714,60,0.35,3.6,2.9,10.6,0.2,1.9,0.17,0.63,0.33,3.5,72
107,Jordan Clarkson,Cle,G,28.19,29,23,47.8,25.9,86,0.884,167,0.509,159,0.371,14.6,2.4,5.8,2.4,17.1,0.59,0.28,1.34,7.6,78
108,Jordan Clarkson,Uta,G,28.19,42,24.7,51.5,26.7,79,0.785,288,0.545,254,0.366,15.6,2.8,6.3,1.6,10.8,0.69,0.19,1.38,6.7,78
109,Nicolas Claxton,Bro,F-C,21.33,15,12.5,26,14.8,21,0.524,41,0.634,7,0.143,4.4,2.9,12.2,1.1,12.5,0.07,0.53,0.6,7.7,73
110,Chris Clemons,Hou,G,23.06,33,8.8,18.3,23.6,11,0.909,35,0.571,107,0.346,4.9,0.9,5.4,0.8,14.3,0.24,0.15,0.58,6.9,73
111,Antonius Cleveland,Dal,G,26.54,11,4.2,8.7,17,5,0.6,11,0.364,3,0,1,0.6,8,0.1,2.8,0.09,0.27,0.18,3.7,67
112,Amir Coffey,Lac,G-F,23.16,18,8.8,18.4,17.6,11,0.545,35,0.486,19,0.316,3.2,0.9,5.2,0.8,12.3,0.28,0.11,0.44,6,68
113,John Collins,Atl,F,22.89,41,33.2,69.3,22.7,150,0.8,458,0.642,147,0.401,21.6,10.1,16.4,1.5,7.6,0.76,1.61,1.83,8.3,85
114,Zach Collins,Por,F-C,22.74,11,26.4,54.9,12.5,8,0.75,49,0.51,19,0.368,7,6.3,12.5,1.5,7.2,0.45,0.45,1.27,6.1,75
115,Mike Conley,Uta,G,32.84,47,29,60.4,23.1,139,0.827,311,0.437,256,0.375,14.4,3.2,6.1,4.4,23.1,0.79,0.11,1.96,8.1,79
116,Pat Connaughton,Mil,G,27.61,67,18.6,38.7,12.3,40,0.775,135,0.607,166,0.331,5.4,4.2,11.2,1.6,10.9,0.36,0.48,0.76,7.1,73
117,Quinn Cook,Lal,G,27.4,44,11.5,24.1,21.1,14,0.786,130,0.462,85,0.365,5.1,1.2,5.6,1.1,13.8,0.27,0.05,0.75,6.6,73
118,Tyler Cook,Cle,F,22.89,11,3.2,6.6,16.7,6,0.833,10,0.7,0,0,1.7,0.9,15.9,0.1,4.5,0.09,0,0.09,6.7,68
119,Tyler Cook,Den,F,22.89,2,9.6,20,11.1,2,1,2,0.5,0,0,2,2,11.7,0,0,1,0,1,0,68
120,Robert Covington,Min,F,29.67,48,29.4,61.2,17.8,94,0.798,184,0.587,312,0.346,12.8,6,10.7,1.2,5.9,1.67,0.94,1.52,6.1,79
121,Robert Covington,Hou,F,29.67,22,33,68.7,15.4,30,0.8,59,0.61,168,0.315,11.6,8,12.7,1.5,6.1,1.5,2.23,1.36,6.3,79
122,Allen Crabbe,Atl,G-F,28.35,28,18.6,38.8,12.8,12,0.75,50,0.44,93,0.323,5.1,2.3,6.6,1,7.3,0.54,0.14,0.43,4.9,72
123,Allen Crabbe,Min,G-F,28.35,9,14.6,30.3,12.5,2,0.5,8,0.625,26,0.231,3.2,1.3,4.8,0.6,5.1,0,0,0.56,3.7,72
124,Torrey Craig,Den,F,29.66,58,18.5,38.5,12.6,36,0.611,131,0.603,138,0.326,5.4,3.3,9.9,0.8,5.9,0.4,0.62,0.43,5.2,74
125,Jamal Crawford,Bro,G,40.4,1,6,12.5,27.9,0,0,2,0.5,2,0.5,5,0,0,3,100.3,0,0,0,0,75
126,Jae Crowder,Mem,F,30.11,45,29.4,61.2,15.6,95,0.789,133,0.519,266,0.293,9.9,6.2,11,2.8,12.2,1.04,0.31,1.2,7.6,77
127,Jae Crowder,Mia,F,30.11,20,27.7,57.6,15.3,30,0.733,36,0.611,128,0.445,11.9,5.4,10.8,1.8,9.7,1.25,0.5,0.75,7,77
128,Jarrett Culver,Min,G-F,21.48,63,23.9,49.8,19.2,117,0.462,348,0.471,221,0.299,9.2,3.4,7.5,1.7,10.8,0.89,0.62,1.3,6.3,74
129,Seth Curry,Dal,G,29.98,64,24.6,51.3,18.4,97,0.825,253,0.549,321,0.452,12.4,2.3,4.8,1.9,11.6,0.59,0.14,0.97,6.2,78
130,Stephen Curry,Gol,G,32.42,5,27.9,58,33.6,26,1,33,0.636,49,0.245,20.8,5.2,10.1,6.6,42.2,1,0.4,3.2,12.8,95
131,Troy Daniels,Lal,G,29.09,41,11.1,23.2,16.1,16,0.625,46,0.478,112,0.357,4.2,1.1,5.5,0.3,4.1,0.2,0.07,0.22,4,71
132,Troy Daniels,Den,F,29.09,6,12.7,26.4,17.7,0,0,8,0.5,20,0.3,4.3,1,4.4,0.5,5.4,0.5,0,0.5,4.1,71
133,Anthony Davis,Lal,F-C,27.43,62,34.4,71.6,29.3,525,0.846,878,0.546,218,0.33,26.1,9.3,14.8,3.2,15.1,1.47,2.31,2.48,10.7,95
134,Ed Davis,Uta,F,31.2,28,10.8,22.6,9.4,14,0.5,46,0.478,0,0,1.8,3.8,19,0.4,5.2,0.39,0.32,0.46,5.2,72
135,Terence Davis,Tor,G,23.25,72,16.8,35,19,59,0.864,194,0.541,242,0.388,7.5,3.3,10.3,1.6,14.2,0.54,0.19,1.06,8.1,76
136,Dewayne Dedmon,Sac,C,31.01,34,15.9,33.1,18.5,28,0.821,100,0.55,71,0.197,5.1,4.9,17.4,0.4,3.9,0.44,0.76,1.38,5.4,72
137,Dewayne Dedmon,Atl,C,31.01,10,23.3,48.6,17.4,8,0.875,48,0.521,36,0.222,8.1,8.2,18.9,0.7,4.3,1,1.5,1,6.2,72
138,Matthew Dellavedova,Cle,G,29.93,57,14.4,30,13,37,0.865,84,0.488,91,0.231,3.1,1.3,5.1,3.2,29,0.37,0.04,1.04,6.5,70
139,DeMar DeRozan,San,F,31.02,68,34.1,71,26.3,450,0.844,1014,0.54,35,0.257,22.1,5.5,8.8,5.6,26,1.03,0.29,2.41,10.3,86
140,Cheick Diallo,Pho,F-C,23.92,47,10.2,21.2,17,39,0.872,139,0.655,3,0.333,4.7,2.8,15.2,0.5,6.9,0.23,0.26,0.68,7.3,73
141,Hamidou Diallo,Okc,G,22.04,46,19.5,40.6,18.4,63,0.603,239,0.485,57,0.281,6.9,3.6,10.3,0.8,5.9,0.8,0.2,1.11,5.6,70
142,Gorgui Dieng,Min,C,30.57,46,16.9,35.2,18.4,59,0.797,157,0.497,120,0.383,7.4,5.6,17.3,1.3,11.1,0.8,0.91,0.96,8.9,74
143,Gorgui Dieng,Mem,C,30.57,17,18.7,39,15.9,42,0.738,55,0.618,32,0.25,7.2,5.8,16.2,0.9,6.3,0.82,1,0.94,7.2,74
144,Spencer Dinwiddie,Bro,G,27.36,64,31.2,64.9,29.2,446,0.778,620,0.485,400,0.308,20.6,3.5,5.7,6.8,35,0.63,0.33,2.72,10.1,83
145,Donte DiVincenzo,Mil,G,23.54,66,23,48,17.3,86,0.733,263,0.567,247,0.336,9.2,4.8,10.3,2.3,13.6,1.33,0.32,1.36,8.1,77
146,Luka Doncic,Dal,G-F,21.46,61,33.6,69.9,36.8,562,0.758,713,0.575,541,0.316,28.8,9.4,14.7,8.8,45.7,0.98,0.23,4.28,15.9,94
147,Luguentz Dort,Okc,G,21.32,36,22.8,47.5,14.2,53,0.792,118,0.475,101,0.297,6.8,2.3,5.5,0.8,4.6,0.89,0.11,0.61,4.1,74
148,Damyean Dotson,Nyk,G,26.28,48,17.4,36.3,16.5,33,0.667,127,0.48,163,0.362,6.7,1.9,5.8,1.2,10,0.48,0.08,0.44,5.7,72
149,Sekou Doumbouya,Det,F,19.64,38,19.8,41.3,16.9,46,0.674,138,0.464,98,0.286,6.4,3.1,8.9,0.5,3.7,0.53,0.21,0.92,4.3,72
150,PJ Dozier,Den,G-F,23.8,29,14.2,29.6,20.8,29,0.724,108,0.444,49,0.347,5.8,1.9,7.5,2.2,21.7,0.48,0.21,0.93,8.2,72
151,Goran Dragic,Mia,G,34.28,59,28.2,58.7,25.9,246,0.776,386,0.505,338,0.367,16.2,3.2,6.3,5.1,29.2,0.68,0.17,2.46,9.1,79
152,Andre Drummond,Det,C,27.01,49,33.7,70.3,25.5,255,0.584,658,0.546,21,0.048,17.8,15.8,26.6,2.8,14,1.98,1.67,3.55,11,85
153,Andre Drummond,Cle,C,27.01,8,28.1,58.5,28.8,39,0.513,91,0.593,14,0.286,17.5,11.1,22,1.8,10.9,1.5,1.38,3.63,10,85
154,Jared Dudley,Lal,F,35.1,45,8.1,16.8,8,2,1,18,0.333,42,0.429,1.5,1.2,7.8,0.6,9.5,0.33,0.07,0.18,5.1,72
155,Kris Dunn,Chi,G,26.41,51,24.9,51.8,14.6,54,0.741,230,0.535,112,0.259,7.3,3.7,8.1,3.4,19.5,1.96,0.35,1.33,7.2,76
156,Carsen Edwards,Bos,G,22.43,37,9.5,19.7,18.4,19,0.684,52,0.346,76,0.316,3.3,1.3,7.2,0.6,9.3,0.32,0.11,0.41,5.8,70
157,Henry Ellenson,Bro,F-C,23.59,5,3,6.3,19.4,0,0,3,0.333,4,0,0.4,1.2,20.6,0.2,8.7,0,0,0,6.1,69
158,Wayne Ellington,Nyk,G,32.71,36,15.5,32.3,15,13,0.846,31,0.355,143,0.35,5.1,1.8,6.2,1.2,11,0.36,0.11,0.5,5.7,72
159,Joel Embiid,Phi,C-F,26.42,51,29.5,61.5,33,436,0.807,630,0.516,172,0.331,23,11.6,21.7,3,16.9,0.86,1.29,3.12,12.6,91
160,Drew Eubanks,San,F-C,23.53,22,12.4,25.8,15.8,26,0.769,66,0.636,1,1,4.9,3.9,16.8,0.7,7.7,0.23,0.77,0.95,7.7,68
161,Jacob Evans,Gol,G-F,23.16,27,15.3,31.9,17.6,29,0.862,95,0.337,38,0.342,4.7,1.5,5.4,1.1,10.9,0.41,0.44,0.93,5.2,71
162,Jacob Evans,Min,G-F,23.16,2,2.2,4.5,9.6,0,0,0,0,1,0,0,0,0,0,0,0,0,0,0,71
163,Dante Exum,Uta,G,25.09,11,7.6,15.8,17.8,2,1,17,0.471,6,0.333,2.2,1.1,7.9,0.6,11.8,0.09,0.18,0.91,6,73
164,Dante Exum,Cle,G,25.09,24,16.8,34.9,14.4,41,0.732,59,0.559,37,0.351,5.6,2.3,7.7,1.4,11.4,0.46,0.25,0.88,6.2,73
165,Tacko Fall,Bos,C,24.68,7,4.6,9.7,24,3,0.333,14,0.786,0,0,3.3,2.1,24.7,0.1,6,0.29,0.57,0.43,7.7,70
166,Derrick Favors,Nor,F,29.09,51,24.4,50.8,14,71,0.563,331,0.628,7,0.143,9,9.8,21.3,1.6,9.2,0.59,0.9,1.08,8.5,77
167,Cristiano Felicio,Chi,F-C,28.1,22,17.5,36.5,9.1,23,0.783,52,0.654,2,0,3.9,4.6,14.6,0.7,5.7,0.45,0.09,0.82,5.3,72
168,Terrance Ferguson,Okc,G,22.25,56,22.5,46.8,9.1,20,0.75,52,0.558,168,0.292,3.9,1.3,3.3,0.9,5.3,0.46,0.3,0.55,2.9,71
169,Bruno Fernando,Atl,F-C,22,56,12.7,26.5,15.3,51,0.569,162,0.605,37,0.135,4.3,3.5,15,0.9,9.9,0.32,0.3,0.75,7.5,73
170,Yogi Ferrell,Sac,G,27.27,50,10.6,22.1,19.2,42,0.857,109,0.505,79,0.304,4.4,1,5.2,1.4,18.8,0.36,0.08,0.56,6.9,71
171,Dorian Finney-Smith,Dal,F,27.28,71,29.9,62.2,12.9,108,0.722,219,0.589,303,0.376,9.5,5.7,10,1.6,7.2,0.63,0.55,0.97,5.9,76
172,Bryn Forbes,San,G,27.06,63,25.1,52.2,18.5,90,0.833,200,0.47,381,0.388,11.2,2,4.3,1.7,9.5,0.52,0,0.9,5.4,74
173,Evan Fournier,Orl,G-F,27.79,66,31.4,65.5,24,220,0.818,496,0.526,434,0.399,18.5,2.6,4.4,3.2,16.6,1.08,0.23,1.88,6.8,80
174,De'Aaron Fox,Sac,G,22.65,51,32,66.8,29.8,342,0.705,630,0.535,185,0.292,21.1,3.8,6.7,6.8,35.2,1.45,0.49,3.12,10.2,85
175,Michael Frazier,Hou,G,26.44,13,11.1,23.2,11.5,14,0.643,6,0.5,23,0.174,2.1,0.8,3.6,0.2,1.7,0.15,0,0.38,2.5,68
176,Tim Frazier,Det,G,29.79,27,13.1,27.4,17.3,24,0.792,64,0.375,30,0.333,3.6,1.2,5.3,3.4,36.6,0.52,0.11,1.33,7.5,72
177,Markelle Fultz,Orl,G,22.21,72,27.7,57.8,21.4,159,0.73,637,0.507,135,0.267,12.1,3.3,6.4,5.1,29,1.25,0.17,2.04,8.5,77
178,Wenyen Gabriel,Sac,F,23.39,11,5.6,11.6,18.7,10,0.6,9,0.556,8,0.125,1.7,0.9,9.2,0.3,6.6,0.27,0.18,0.45,5.5,70
179,Wenyen Gabriel,Por,F,23.39,19,9.1,19,11.5,12,0.75,19,0.526,12,0.417,2.3,2.2,12.7,0.3,3.6,0.42,0.26,0.58,5.1,70
180,Daniel Gafford,Chi,F-C,21.87,43,14.2,29.5,13.3,60,0.533,134,0.701,0,0,5.1,2.5,9.6,0.5,5.2,0.3,1.3,0.67,5.2,75
181,Danilo Gallinari,Okc,F,32.02,62,29.6,61.6,24.6,298,0.893,378,0.476,439,0.405,18.7,5.2,9.6,1.9,10.3,0.68,0.08,1.23,7.7,83
182,Langston Galloway,Det,G,28.68,66,25.8,53.7,15.9,84,0.857,211,0.493,331,0.399,10.2,2.2,4.9,1.5,8.8,0.73,0.15,0.61,5,75
183,Darius Garland,Cle,G,20.55,59,30.9,64.4,20.6,72,0.875,402,0.435,296,0.355,12.3,1.9,3.3,3.9,18.5,0.69,0.07,2.54,5.8,74
184,Marc Gasol,Tor,C,35.54,44,26.4,55,13.2,49,0.735,131,0.473,148,0.385,7.5,6.2,12.5,3.3,17.3,0.77,0.86,1.34,8.1,77
185,Rudy Gay,San,F-G,34,67,21.8,45.4,22,136,0.882,376,0.511,220,0.336,10.8,5.4,13.4,1.7,11.3,0.52,0.49,1.31,8.5,79
186,Paul George,Lac,F,30.29,48,29.6,61.6,29.6,217,0.876,401,0.464,381,0.412,21.5,5.7,10,3.9,21.1,1.4,0.42,2.6,10.6,90
187,Taj Gibson,Nyk,F,35.14,62,16.5,34.4,14.8,56,0.732,272,0.599,14,0.286,6.1,4.3,13.9,0.8,7.6,0.44,0.48,0.74,6.7,77
188,Shai Gilgeous-Alexander,Okc,G-F,22.09,70,34.7,72.3,23.6,357,0.807,762,0.513,251,0.347,19,5.9,9.4,3.3,15.2,1.13,0.67,1.93,8.3,84
189,Rudy Gobert,Uta,C,28.13,68,34.3,71.5,16.2,403,0.63,557,0.693,0,0,15.1,13.5,21.7,1.5,6.6,0.72,1.97,1.91,7.9,87
190,Brandon Goodwin,Atl,G,24.87,34,12.7,26.4,22.4,30,0.933,103,0.485,87,0.299,6.1,2.1,9,1.5,18,0.35,0.12,0.85,8.4,71
191,Aaron Gordon,Orl,F,24.91,62,32.5,67.8,20.7,224,0.674,530,0.494,237,0.308,14.4,7.7,12.7,3.7,17.4,0.82,0.63,1.61,9.1,80
192,Eric Gordon,Hou,G,31.64,36,28.2,58.8,22.5,107,0.766,160,0.469,303,0.317,14.4,2,3.7,1.5,7.9,0.64,0.33,1.19,5,78
193,Treveon Graham,Min,G-F,26.8,33,20.1,41.9,13.1,37,0.73,93,0.452,83,0.241,5.2,3.1,8,0.9,6.1,0.52,0.06,0.58,4.9,71
194,Treveon Graham,Atl,G-F,26.8,22,12.1,25.2,13.3,19,0.474,30,0.4,37,0.351,3.3,2.3,10.1,0.7,7.6,0.32,0.18,0.45,5.8,71
195,Jerami Grant,Den,F,26.43,71,26.6,55.5,18,194,0.747,381,0.538,252,0.389,12,3.5,7.3,1.2,6.6,0.7,0.8,0.89,5.6,77
196,Jerian Grant,Was,G,27.85,6,13.4,27.9,17.1,7,0.714,19,0.421,8,0.25,4.5,1,4.1,1.5,15.2,0.17,0.17,0.5,5.6,72
197,Josh Gray,Nor,G,26.93,2,11.4,23.6,12.6,0,0,2,0.5,0,0,1,1,4.7,1,10.5,0,0,2.5,3.5,67
198,Danny Green,Lal,G,33.15,68,24.8,51.7,13.9,48,0.688,147,0.524,327,0.367,8,3.3,7.3,1.3,7.1,1.24,0.46,0.93,5.2,76
199,Draymond Green,Gol,F,30.45,43,28.4,59.2,15.7,83,0.759,186,0.468,129,0.279,8,6.2,11.8,6.2,31.2,1.37,0.77,2.28,9.5,79
200,JaMychal Green,Lac,F-C,30.15,63,20.7,43.2,13.7,48,0.75,114,0.518,238,0.387,6.8,6.2,15.4,0.8,5,0.46,0.38,0.86,6.2,72
201,Javonte Green,Bos,G-F,27.06,48,9.7,20.3,15.3,42,0.667,93,0.581,33,0.273,3.4,1.9,10.6,0.5,7.7,0.5,0.17,0.48,6.1,72
202,Jeff Green,Uta,F,33.97,30,18.4,38.4,19.7,63,0.778,91,0.451,104,0.327,7.8,2.7,8.1,0.7,5.2,0.4,0.33,0.9,5.3,76
203,Jeff Green,Hou,F,33.97,18,22.6,47.1,17.9,28,0.857,70,0.8,79,0.354,12.2,2.9,6.7,1.7,11.6,0.83,0.5,0.83,6.9,76
204,Blake Griffin,Det,F,31.42,18,28.5,59.3,28.4,98,0.776,139,0.439,111,0.243,15.5,4.7,9.3,3.3,18,0.39,0.39,2.22,8.7,83
205,Marko Guduric,Mem,G,25.44,44,11,22.9,17.6,26,0.923,74,0.5,83,0.301,3.9,1.7,7.9,1,12.3,0.27,0.18,0.82,6.8,69
206,Kyle Guy,Sac,G,23.01,3,3.2,6.7,22.6,0,0,2,1,3,0,1.3,0.3,5.9,0.3,16.4,0,0,0,6.1,69
207,Rui Hachimura,Was,F,22.52,48,30.1,62.7,19,140,0.829,458,0.5,87,0.287,13.5,6.1,11.1,1.8,8.8,0.77,0.17,1.1,7,79
208,Devon Hall,Okc,G,25.11,11,7.3,15.3,21,8,0.5,13,0.154,17,0.235,1.8,0.6,4.8,1.2,21.4,0.36,0.09,0.45,6,67
209,Donta Hall,Det,F,23.02,4,12,24.9,7.9,6,0.667,4,0.25,0,0,1.5,3.8,17.8,0.5,5.3,0.25,0.25,0.5,4.7,70
210,Donta Hall,Bro,F,23.02,5,17.1,35.5,12.9,12,0.417,18,0.778,0,0,6.6,4.6,13.9,0.4,3.5,0.4,1,0.6,5.4,70
211,Dusty Hannahs,Mem,G,26.95,2,6.7,14,30.7,2,1,6,0.333,3,0.667,6,0.5,3.9,0,0,0,0,0,0,68
212,James Harden,Hou,G,30.97,68,36.5,76.1,36.2,800,0.865,671,0.556,843,0.355,34.3,6.5,9.4,7.5,35.9,1.84,0.88,4.49,13,96
213,Jared Harper,Pho,G,22.92,3,2.6,5.5,21.5,0,0,2,0.5,2,0,0.7,0,0,0,0,0,0,0,0,67
214,Montrezl Harrell,Lac,F-C,26.55,63,27.8,57.8,25.7,351,0.658,795,0.592,18,0,18.6,7.1,13.2,1.7,10.4,0.63,1.11,1.71,8.7,82
215,Gary Harris,Den,G,25.92,56,31.8,66.2,15.1,92,0.815,309,0.479,210,0.333,10.4,2.9,5.1,2.1,8.9,1.36,0.25,1.07,5,76
216,Joe Harris,Bro,G-F,28.94,69,30.8,64.1,18.3,89,0.719,378,0.553,406,0.424,14.5,4.3,7.3,2.1,10.4,0.59,0.25,1.52,6.6,77
217,Shaquille Harrison,Chi,G,26.86,43,11.3,23.5,18.1,50,0.78,123,0.496,42,0.381,4.9,2,9.7,1.1,15.3,0.81,0.44,0.44,7.8,73
218,Tobias Harris,Phi,F,28.08,72,34.3,71.4,23.9,215,0.805,816,0.517,357,0.367,19.6,6.9,11.1,3.2,14.6,0.72,0.56,1.44,8.8,84
219,Isaiah Hartenstein,Hou,C-F,22.28,23,11.6,24.1,14.8,28,0.679,62,0.71,5,0,4.7,3.9,17.7,0.8,10,0.39,0.52,0.7,8.4,73
220,Josh Hart,Nor,G,25.44,65,27,56.3,15.3,115,0.739,178,0.584,354,0.342,10.1,6.6,12.9,1.7,8.4,0.97,0.35,1.15,7.2,75
221,Udonis Haslem,Mia,F,40.18,4,11,23,13.7,4,0.75,8,0.375,3,0.333,3,4,20.3,0.3,3.1,0,0,0.25,5.6,70
222,Jaxson Hayes,Nor,C-F,20.23,64,16.9,35.1,15,190,0.647,256,0.676,4,0.25,7.4,4.1,12.8,0.9,7.2,0.41,0.88,0.83,7.1,76
223,Gordon Hayward,Bos,F,30.4,52,33.5,69.7,21.1,145,0.855,478,0.554,222,0.383,17.5,6.7,10.7,4.1,18.8,0.73,0.42,1.85,9.4,83
224,John Henson,Cle,F-C,29.63,29,14.2,29.6,16.2,33,0.515,89,0.618,31,0.194,5,3.9,15.4,1.5,15.3,0.55,1.1,0.72,8.7,75
225,John Henson,Det,F-C,29.63,11,17.1,35.7,16.6,13,0.462,46,0.696,5,0.4,6.9,4.4,14.5,1,9.2,0.73,0.91,1.36,7.3,75
226,Dewan Hernandez,Tor,C-F,23.68,6,4.7,9.8,29.1,5,0.6,12,0.333,2,0.5,2.3,2.3,26.2,0.5,16.2,0.17,0,0.5,11.8,68
227,Willy Hernangomez,Cha,C-F,26.22,31,12.1,25.2,22.9,59,0.627,117,0.59,22,0.227,6.1,4.4,19.6,0.9,13.5,0.32,0.23,0.97,9.6,75
228,Tyler Herro,Mia,G,20.57,55,27.4,57.1,22.2,100,0.87,333,0.462,298,0.389,13.5,4.1,8.3,2.2,12.7,0.62,0.16,1.58,7.2,78
229,Kevin Hervey,Okc,F,24.1,10,5.2,10.9,22.8,0,0,7,0.571,20,0.15,1.7,1.2,12.7,0.5,13.9,0.1,0.1,0,7.7,68
230,Mario Hezonja,Por,F-G,25.47,53,16.4,34.3,13.9,59,0.814,140,0.486,78,0.308,4.8,3.5,11.1,0.9,7.5,0.68,0.17,0.79,6,73
231,Buddy Hield,Sac,G,26.66,72,30.8,64.1,27.2,136,0.846,475,0.478,688,0.394,19.2,4.6,8.3,3,15.5,0.93,0.24,2.33,8.3,81
232,George Hill,Mil,G,34.28,59,21.5,44.9,15.5,101,0.842,200,0.565,176,0.46,9.4,3,6.9,3.1,19,0.8,0.08,0.97,8.3,77
233,Solomon Hill,Mem,F,29.41,48,18.8,39.1,13.3,38,0.684,86,0.465,146,0.384,5.7,3,8.4,2,13.4,0.65,0.15,0.83,6.9,71
234,Solomon Hill,Mia,F,29.41,11,17,35.4,14.8,16,0.875,21,0.333,24,0.292,4.5,1.9,6.3,0.9,7.3,1.09,0.45,1,4.6,71
235,Jaylen Hoard,Por,F,21.38,13,7.9,16.5,17.2,13,0.615,29,0.517,3,0,2.9,2.5,16.3,0.3,5.3,0.38,0,0.31,6.6,69
236,Aaron Holiday,Ind,G,23.87,66,24.5,51.1,18.7,87,0.851,342,0.427,221,0.394,9.5,2.3,5.3,3.4,19.1,0.85,0.24,1.32,6.9,76
237,Jrue Holiday,Nor,G,30.18,61,34.7,72.3,24.6,182,0.709,660,0.509,346,0.353,19.1,4.8,7.4,6.7,29.1,1.62,0.8,3.07,9.8,83
238,Justin Holiday,Ind,F-G,31.36,73,25,52.1,13.4,67,0.791,154,0.481,331,0.405,8.3,3.3,7.1,1.3,6.7,1.19,0.63,0.59,5.3,75
239,Rondae Hollis-Jefferson,Tor,F,25.61,60,18.7,39,17.2,143,0.734,306,0.497,23,0.13,7,4.7,13.4,1.8,13.6,0.77,0.38,0.97,8.3,76
240,Richaun Holmes,Sac,F,26.83,44,28.2,58.8,15.7,118,0.788,345,0.646,0,0,12.3,8.1,16.2,1,5.1,0.93,1.27,1.18,6.6,78
241,Rodney Hood,Por,G-F,27.82,21,29.5,61.4,13.9,27,0.778,101,0.515,71,0.493,11,3.4,6.1,1.5,7,0.81,0.19,0.9,5.2,76
242,Al Horford,Phi,C-F,34.2,67,30.2,63,17.5,80,0.763,426,0.516,283,0.35,11.9,6.8,12.4,4,19.2,0.81,0.91,1.19,9.1,80
243,Talen Horton-Tucker,Lal,G,19.72,6,13.5,28.2,19.6,4,0.5,17,0.588,13,0.308,5.7,1.2,4.7,1,10.5,1.33,0.17,1,5.6,72
244,Dwight Howard,Lal,C-F,34.69,69,18.9,39.4,14.7,214,0.514,272,0.732,5,0.6,7.5,7.3,21.2,0.7,4.8,0.46,1.14,1.23,7.1,78
245,William Howard,Hou,F-G,26.81,2,6.7,13.9,15.6,0,0,0,0,4,0,0,1,7.9,0.5,8.9,0,0,0.5,0,68
246,Kevin Huerter,Atl,G-F,21.97,56,31.4,65.5,17.1,64,0.828,276,0.453,334,0.38,12.2,4.1,7,3.8,17.5,0.91,0.48,1.55,7.3,75
247,De'Andre Hunter,Atl,F-G,22.7,63,32,66.7,17.5,144,0.764,379,0.454,304,0.355,12.3,4.5,7.6,1.8,7.9,0.7,0.29,1.63,5.8,75
248,Chandler Hutchison,Chi,F-G,24.3,28,18.8,39.2,19.1,78,0.59,137,0.496,38,0.316,7.8,3.9,11.3,0.9,7.4,0.96,0.25,0.96,6.4,75
249,Serge Ibaka,Tor,F,30.91,55,27,56.2,24,124,0.718,488,0.559,182,0.385,15.4,8.2,16.1,1.4,8.6,0.51,0.84,1.98,8.3,80
250,Andre Iguodala,Mia,G-F,36.55,21,19.9,41.5,12.8,15,0.4,41,0.585,47,0.298,4.6,3.7,10.4,2.4,16.9,0.67,1,1.29,6.9,76
251,Ersan Ilyasova,Mil,F,33.25,63,15.7,32.6,16.1,87,0.828,176,0.545,137,0.365,6.6,4.8,15.1,0.8,6.6,0.37,0.27,0.54,7.5,76
252,Joe Ingles,Uta,F-G,32.87,72,29.7,61.8,15,94,0.787,200,0.525,353,0.399,9.8,3.9,7.2,5.2,24.3,0.9,0.15,1.96,7.9,78
253,Brandon Ingram,Nor,F,22.95,62,33.9,70.7,28.1,368,0.851,712,0.501,384,0.391,23.8,6.1,9.5,4.2,19.3,0.98,0.6,3.03,10,86
254,Kyrie Irving,Bro,G,28.39,20,32.9,68.5,32.6,102,0.922,274,0.522,142,0.394,27.4,5.2,8.1,6.4,36.7,1.35,0.5,2.6,11.8,90
255,Jonathan Isaac,Orl,F,22.87,34,28.8,60,18.3,77,0.779,238,0.521,94,0.34,11.9,6.8,12.7,1.4,7.4,1.56,2.29,1.44,6.7,82
256,Frank Jackson,Nor,G,22.28,59,13.5,28.1,21.2,75,0.747,187,0.465,144,0.326,6.3,1.4,5.5,1,10.8,0.29,0.07,0.83,6.1,71
257,Josh Jackson,Mem,G-F,23.51,22,17.3,36.1,22.8,50,0.7,87,0.54,72,0.319,9,3,9.1,1.6,13.1,0.82,0.41,1.27,8.1,73
258,Justin Jackson,Dal,F,25.38,65,16.1,33.5,15.4,50,0.84,178,0.489,163,0.294,5.5,2.4,7.7,0.8,6.8,0.23,0.15,0.22,5.5,72
259,Reggie Jackson,Det,G,30.33,14,27.2,56.7,27,33,0.788,116,0.388,82,0.378,14.9,2.9,6.1,5.1,30.8,0.57,0.07,1.64,8.9,76
260,Reggie Jackson,Lac,G,30.33,17,21.3,44.3,19.1,21,0.905,65,0.492,63,0.413,9.5,3,7.3,3.2,21.3,0.29,0.24,1.65,8.5,76
261,Justin James,Sac,G-F,23.56,35,6.6,13.8,18.7,21,0.476,55,0.473,29,0.31,2.5,0.9,7.7,0.5,11.2,0.17,0.26,0.2,6.3,71
262,LeBron James,Lal,F,35.62,67,34.6,72,31.5,381,0.693,878,0.564,425,0.348,25.3,7.8,12.3,10.2,49.1,1.16,0.54,3.9,14.6,97
263,Amile Jefferson,Orl,F,27.27,18,4.1,8.6,13.4,14,0.357,14,0.357,0,0,0.8,1.3,16.6,0.2,7.2,0.06,0.17,0.17,5.8,69
264,DaQuan Jeffries,Sac,G-F,22.96,13,10.9,22.6,13.7,6,0.833,22,0.682,18,0.278,3.8,1.4,7.2,0.5,7.1,0.31,0.08,0.15,5.1,70
265,Ty Jerome,Pho,G-F,23.11,31,10.6,22,17.9,16,0.75,63,0.381,50,0.28,3.3,1.5,7.8,1.4,18.2,0.48,0.1,0.58,7.2,71
266,Alize Johnson,Ind,F,24.31,17,6.9,14.4,15.1,10,0.7,21,0.429,8,0.375,2,2.9,22.8,0.4,7.7,0.18,0.12,0.41,7.7,70
267,BJ Johnson,Orl,F,24.65,10,8.3,17.2,22.2,10,0.9,23,0.261,9,0.333,3,1.5,9.8,0.3,5.1,0.3,0,0.6,5.3,68
268,Cameron Johnson,Pho,F,24.45,57,22,45.9,15.7,57,0.807,133,0.526,272,0.39,8.8,3.3,8.3,1.2,7.7,0.61,0.35,0.56,5.9,76
269,James Johnson,Mia,F,33.48,18,15.6,32.5,16.9,14,0.571,42,0.548,45,0.356,5.7,2.9,10.3,1.2,11.1,0.33,0.72,0.83,6.9,76
270,James Johnson,Min,F,33.48,14,24.2,50.4,21.4,34,0.676,82,0.573,46,0.37,12,4.7,10.3,3.8,24.4,1.29,1.43,2.36,9.9,76
271,Keldon Johnson,San,F-G,20.84,17,17.7,36.8,17.4,44,0.795,67,0.597,22,0.591,9.1,3.4,10.2,0.9,7.2,0.82,0.12,0.76,6.8,76
272,Stanley Johnson,Tor,F-G,24.21,25,6,12.5,23.1,16,0.563,35,0.429,24,0.292,2.4,1.5,13,0.8,19.4,0.24,0.16,0.6,9.5,71
273,Tyler Johnson,Pho,G,28.27,31,16.6,34.6,17.3,32,0.75,88,0.466,83,0.289,5.7,1.7,5.6,1.6,13.3,0.39,0.26,0.77,6,72
274,Tyler Johnson,Bro,G,28.27,8,24.3,50.5,19.8,18,1,43,0.419,36,0.389,12,3.1,6.7,3,18.6,0.5,0.13,0.63,7.9,72
275,Nikola Jokic,Den,C,25.49,73,32,66.6,26.6,301,0.817,816,0.594,255,0.314,19.9,9.7,17.1,7,35.2,1.16,0.6,3.08,13.8,90
276,Damian Jones,Atl,C,25.13,55,16.1,33.6,11.4,84,0.738,169,0.704,9,0.222,5.6,3.7,12.5,0.6,5.6,0.47,0.73,0.51,5.8,74
277,Tyus Jones,Mem,G,24.26,65,19,39.5,17.2,58,0.741,305,0.492,124,0.379,7.4,1.6,4.4,4.4,32,0.91,0.09,0.85,7.9,76
278,DeAndre Jordan,Bro,C,32.07,56,22,45.9,14.1,122,0.68,287,0.666,0,0,8.3,10,23.5,1.9,12.6,0.32,0.93,1.32,9.8,80
279,Cory Joseph,Sac,G,28.99,72,24.4,50.9,12.9,70,0.857,253,0.455,159,0.352,6.4,2.6,6,3.5,19.1,0.74,0.29,1.11,6.4,73
280,Mfiondu Kabengele,Lac,F-C,23,12,5.4,11.2,23.5,5,1,12,0.417,20,0.45,3.5,0.9,8.9,0.2,4.8,0.17,0.17,0.17,6.4,72
281,Frank Kaminsky,Pho,F-C,27.36,39,19.9,41.5,21,90,0.678,183,0.53,124,0.331,9.7,4.5,12.6,1.9,14.3,0.38,0.26,0.95,8.8,75
282,Enes Kanter,Bos,C,28.24,58,17,35.3,19.4,99,0.707,341,0.581,7,0.143,8.1,7.4,23.5,1,8.8,0.4,0.71,0.97,9.2,76
283,Luke Kennard,Det,G,24.14,28,32.9,68.6,19.8,75,0.893,159,0.491,183,0.399,15.8,3.5,6,4.1,19.2,0.43,0.21,1.54,7.4,78
284,Michael Kidd-Gilchrist,Cha,F,26.89,12,13.3,27.7,17.6,9,0.778,36,0.361,17,0.294,4,2.9,12,0.8,9.5,0,0.25,0.58,6.3,72
285,Michael Kidd-Gilchrist,Dal,F,26.89,13,9.3,19.4,8.5,5,0.8,10,0.4,3,0,0.9,2.5,13.9,0.3,4,0.15,0.23,0.69,3.8,72
286,Stanton Kidd,Uta,F,28.41,4,3.8,8,14.3,0,0,2,0,1,0,0,0.8,10.8,0.3,7.9,0,0,0.5,0,68
287,Louis King,Det,F,21.36,10,6.2,13,17.1,3,0,10,0.4,11,0.364,2,1,9.1,0.5,11.8,0.2,0,0.2,6.5,68
288,Maxi Kleber,Dal,F,28.54,74,25.5,53.2,13.9,93,0.849,195,0.605,319,0.373,9.1,5.3,10.8,1.2,6.3,0.34,1.14,0.78,6.1,76
289,Brandon Knight,Cle,G,28.7,16,15.1,31.4,19.1,13,0.308,22,0.409,64,0.297,4.9,1.3,4.6,1.9,17.9,0.31,0.13,1,6.1,70
290,Brandon Knight,Det,G,28.7,9,24.6,51.2,22.2,21,0.762,14,0.357,67,0.388,11.6,2.3,5.4,4.2,25.6,0.56,0.11,2.44,7.8,70
291,John Konchar,Mem,G,24.4,19,9.5,19.9,10.3,2,0.5,27,0.704,10,0.5,2.8,2.5,13.7,1.2,16.2,0.37,0.16,0.37,8.6,72
292,Furkan Korkmaz,Phi,G-F,23.06,72,21.7,45.1,18.4,102,0.755,208,0.476,356,0.402,9.8,2.3,5.9,1.1,7.3,0.57,0.22,0.82,5.4,75
293,Luke Kornet,Chi,C-F,25.09,36,15.5,32.3,16.3,28,0.714,79,0.646,108,0.287,6,2.3,8.3,0.9,8.5,0.31,0.72,0.39,6,73
294,Kyle Korver,Mil,G-F,39.41,58,16.6,34.5,15.5,41,0.854,56,0.482,237,0.418,6.7,2.1,6.3,1.2,9.2,0.43,0.21,0.84,6.2,73
295,Rodions Kurucs,Bro,F,22.52,47,14.5,30.3,14.7,38,0.632,87,0.529,90,0.367,4.6,2.9,10.4,1.1,10.4,0.53,0.11,0.98,6.8,71
296,Kyle Kuzma,Lal,F,25.06,61,25,52.1,22.8,155,0.735,396,0.518,272,0.316,12.8,4.5,9.8,1.3,7.6,0.46,0.43,1.49,6.7,76
297,Skal Labissiere,Por,F-C,24.41,33,17.2,35.8,14.3,33,0.758,134,0.582,13,0.231,5.8,5.1,15.6,1.3,10.1,0.21,0.94,0.91,7.8,74
298,Jeremy Lamb,Ind,G-F,28.21,46,28.1,58.5,19.6,110,0.836,321,0.508,158,0.335,12.5,4.3,8.4,2.1,10.5,1.17,0.48,1.09,6.9,77
299,Romeo Langford,Bos,G-F,20.81,32,11.6,24.1,11.8,25,0.72,53,0.434,27,0.185,2.5,1.3,5.9,0.4,4.5,0.22,0.25,0.34,3.8,70
300,Zach LaVine,Chi,G-F,25.43,60,34.8,72.4,31.7,334,0.802,716,0.496,484,0.38,25.5,4.8,7.7,4.2,21.7,1.45,0.47,3.43,9.2,85
301,Vic Law,Orl,F,24.66,8,7.7,16.1,15.8,6,0.333,11,0.455,7,0.143,1.9,1.4,9.6,0.4,6.7,0.25,0,0.25,5.3,69
302,Jake Layman,Min,F,26.44,23,22,45.8,17.7,32,0.75,107,0.533,72,0.333,9.1,2.5,5.9,0.7,4.4,0.74,0.39,1.04,4.6,73
303,TJ Leaf,Ind,F,23.29,28,7.9,16.5,20,16,0.438,68,0.456,18,0.278,3,2.5,17.3,0.3,5.7,0.36,0.14,0.29,6.6,71
304,Jalen Lecque,Pho,G,20.17,5,6.3,13.2,17.3,2,1,6,0.667,4,0,2,0.4,3.5,0.4,8.7,0,0,0.4,4.3,68
305,Courtney Lee,Dal,G,34.87,24,14.4,30,11.9,7,0.857,35,0.543,47,0.447,4.5,1.3,4.9,0.5,4.7,0.75,0.25,0.46,4,71
306,Damion Lee,Gol,G-F,27.81,49,29,60.5,19,126,0.873,272,0.471,239,0.356,12.7,4.9,9.1,2.7,14.4,1.02,0.12,1.37,7.6,74
307,Alex Len,Atl,C,27.16,40,18.6,38.8,18.8,81,0.63,205,0.624,56,0.25,8.7,5.8,16.7,1.1,8.7,0.5,0.83,1,8.2,76
308,Alex Len,Sac,C,27.16,15,15,31.3,16.5,24,0.708,56,0.589,3,0.667,5.9,6.1,22.7,0.5,5.2,0.2,1,1.07,7,76
309,Kawhi Leonard,Lac,F,29.13,57,32.4,67.5,33,402,0.886,808,0.506,325,0.378,27.1,7.1,11.3,4.9,26.5,1.81,0.58,2.61,12.1,96
310,Meyers Leonard,Mia,C,28.46,51,20.3,42.2,12.1,28,0.643,106,0.623,128,0.414,6.1,5.1,13.9,1.1,7.6,0.27,0.29,0.76,6.4,75
311,Caris LeVert,Bro,G,25.97,45,29.6,61.6,29.4,197,0.711,512,0.451,220,0.364,18.7,4.2,7.3,4.4,25,1.18,0.22,2.6,9.5,83
312,Damian Lillard,Por,G,30.09,66,37.5,78.1,30.3,518,0.888,674,0.525,674,0.401,30,4.3,6,8,34.4,1.06,0.33,2.94,10.8,94
313,Nassir Little,Por,F-G,20.51,48,11.9,24.8,13.7,44,0.636,92,0.554,59,0.237,3.6,2.3,9.9,0.5,5,0.27,0.31,0.31,5.4,72
314,Kevon Looney,Gol,F,24.52,20,13.1,27.3,15.9,12,0.75,65,0.431,14,0.071,3.4,3.3,13.7,1,11.1,0.6,0.3,0.65,6.8,74
315,Brook Lopez,Mil,C,32.37,68,26.7,55.7,18.3,152,0.836,346,0.549,325,0.314,12,4.6,8.5,1.5,7.4,0.68,2.4,1.03,6.5,82
316,Robin Lopez,Mil,C,32.37,66,14.5,30.2,16.6,53,0.528,194,0.577,105,0.333,5.4,2.4,8.3,0.7,6.3,0.15,0.68,0.95,5.8,73
317,Kevin Love,Cle,F,31.94,56,31.8,66.2,23.2,219,0.854,337,0.537,390,0.374,17.6,9.8,17.1,3.2,15.4,0.59,0.34,2.52,10.3,82
318,Kyle Lowry,Tor,G,34.39,58,36.2,75.4,23.1,343,0.857,337,0.504,466,0.352,19.4,5,7.3,7.5,30.6,1.41,0.45,3.07,9.9,87
319,Trey Lyles,San,F,24.78,63,20.2,42,13.6,45,0.733,175,0.503,168,0.387,6.4,5.7,15.3,1.1,7.2,0.44,0.44,0.62,6.8,75
320,Daryl Macon,Mia,G,24.71,4,3.5,7.3,15.6,0,0,1,0,2,0.5,0.8,0,0,0.3,9.6,0,0,0.5,0,68
321,Josh Magette,Orl,G,30.71,8,4.7,9.9,23.8,2,0.5,11,0.364,4,0.25,1.5,0.8,8.5,0.6,19.3,0.38,0.13,0.63,7.6,68
322,Ian Mahinmi,Was,C,33.78,38,21.3,44.3,15.7,113,0.619,185,0.535,26,0.192,7.4,5.8,14.8,1.3,8.3,0.82,1.16,1.18,7.2,74
323,Thon Maker,Det,F-C,23.47,60,12.9,26.9,16.1,110,0.664,129,0.55,64,0.344,4.7,2.8,12.2,0.7,8,0.42,0.65,0.75,6.5,73
324,Terance Mann,Lac,G-F,23.82,41,8.8,18.4,12.6,27,0.667,59,0.508,20,0.35,2.4,1.3,7.9,1.3,19.3,0.27,0.12,0.44,7.2,71
325,Boban Marjanovic,Dal,C,32,42,10,20.9,26.9,57,0.754,193,0.606,17,0.235,6.9,4.7,24.5,0.5,8.3,0.19,0.24,0.74,10.1,75
326,Lauri Markkanen,Chi,F-C,23.23,50,29.8,62.2,21.1,153,0.824,274,0.518,317,0.344,14.7,6.3,11.6,1.5,7.6,0.84,0.48,1.62,7,80
327,Caleb Martin,Cha,F,24.88,18,17.6,36.7,15,21,0.81,47,0.362,37,0.541,6.2,2.1,6.6,1.3,11.1,0.67,0.39,0.83,5.8,69
328,Cody Martin,Cha,F,24.88,48,18.8,39.2,13.6,65,0.646,130,0.546,77,0.234,5,3.3,9.6,2,15.8,0.81,0.19,0.92,6.8,72
329,Jeremiah Martin,Bro,G,24.15,9,11,22.9,26.7,14,0.786,35,0.543,18,0.278,7.1,1.1,5.2,2,30.8,0.78,0.22,0.44,9.1,67
330,Kelan Martin,Min,F,25.03,31,16,33.3,17.9,31,0.968,85,0.541,96,0.26,6.4,3.1,10.2,0.7,6.8,0.23,0.29,0.65,6,69
331,Frank Mason,Mil,G,26.37,9,13.1,27.3,24.3,17,0.588,30,0.567,21,0.286,6.9,2.1,8,3.2,35,0.56,0.11,1.22,11,69
332,Garrison Mathews,Was,G,23.81,18,12.6,26.3,14.4,34,0.912,10,0.5,46,0.413,5.4,1.3,5.8,0.6,5.8,0.44,0.06,0.44,5.1,71
333,Wesley Matthews,Mil,G,33.84,67,24.4,50.8,12.5,68,0.765,125,0.472,297,0.364,7.4,2.5,5,1.4,7.1,0.55,0.13,0.64,4.9,75
334,Luc Mbah a Moute,Hou,F,33.93,3,8.2,17.1,11.6,2,0.5,3,0.667,2,0,1.7,0.7,4.3,0,0,0.67,0,0.33,0,72
335,Patrick McCaw,Tor,G,24.81,37,24.5,51.1,9.4,18,0.722,91,0.484,71,0.324,4.6,2.3,5,2.1,11.5,1.05,0.11,0.78,4.6,73
336,CJ McCollum,Por,G,28.9,70,36.5,76.1,25.9,185,0.757,844,0.494,512,0.379,22.2,4.3,6.1,4.4,19.1,0.77,0.6,1.81,8.2,84
337,Jalen McDaniels,Cha,F-C,22.54,16,18.3,38.2,13.4,17,0.824,46,0.522,24,0.375,5.6,4.1,12.1,0.8,6.7,0.5,0.19,0.75,5.8,70
338,Doug McDermott,Ind,F,28.61,69,19.9,41.4,19.6,58,0.828,253,0.549,294,0.435,10.3,2.5,6.9,1.1,8.4,0.17,0.09,0.61,6.1,76
339,JaVale McGee,Lal,C-F,32.57,68,16.6,34.6,14.8,82,0.646,300,0.64,6,0.5,6.6,5.8,18.9,0.5,4.6,0.53,1.37,0.81,6.4,78
340,Rodney McGruder,Lac,G,29.05,56,15.6,32.4,10.6,34,0.559,92,0.522,89,0.27,3.3,2.7,9,0.7,5.5,0.46,0.14,0.43,4.7,71
341,Alfonzo McKinnie,Cle,F,27.91,40,14.8,30.9,15.2,31,0.71,106,0.557,65,0.215,4.6,2.8,10.6,0.4,3.3,0.58,0.2,0.65,4.7,70
342,Jordan McLaughlin,Min,G,24.35,30,19.7,41,15.8,39,0.667,102,0.569,76,0.382,7.6,1.6,4.4,4.2,31,1.13,0.13,1.03,7.5,74
343,Ben McLemore,Hou,G,27.51,71,22.8,47.5,16,67,0.746,93,0.656,452,0.4,10.1,2.2,5,0.8,5.2,0.65,0.23,0.7,4.6,74
344,Jordan McRae,Was,G,29.38,29,22.5,47,24.9,83,0.771,211,0.441,106,0.377,12.8,3.6,8.7,2.8,19.1,0.66,0.52,1.31,9,74
345,Jordan McRae,Den,G,29.38,4,8.1,16.8,10.5,4,0.75,2,0,4,0.5,2.3,1.3,8.7,1,15.5,0.5,0.25,0,7.1,74
346,Jordan McRae,Det,G,29.38,4,24.6,51.3,25.6,22,0.727,27,0.407,16,0.188,11.8,3.8,8.6,1.8,10.6,0,0,1.25,7,74
347,Nicolo Melli,Nor,0,29.55,60,17.4,36.2,15.7,73,0.74,117,0.573,206,0.335,6.6,3,9.2,1.4,10.5,0.57,0.38,0.77,7,75
348,De'Anthony Melton,Mem,G,22.22,60,19.5,40.5,19.2,121,0.769,261,0.464,140,0.286,7.6,3.7,9.9,2.9,20.1,1.27,0.33,1.4,8.9,75
349,Chimezie Metu,San,F-C,23.4,18,5.9,12.2,23.7,13,0.769,40,0.6,2,0,3.2,1.8,16.9,0.6,14.8,0.17,0.33,0.56,10.3,73
350,Khris Middleton,Mil,F,29.01,62,29.9,62.3,26.3,227,0.916,593,0.546,354,0.415,20.9,6.2,10.2,4.3,22.2,0.85,0.11,2.19,11,86
351,Eric Mika,Sac,C,25.61,1,19.1,39.8,8.8,2,1,3,0.667,0,0,6,7,20.6,0,0,0,0,0,0,68
352,CJ Miles,Was,G,33.41,10,16.1,33.5,18.6,20,0.75,24,0.333,35,0.314,6.4,1.2,4.1,1.2,10,1,0.4,0.4,5.2,73
353,Malcolm Miller,Tor,G-F,27.44,28,5.8,12,9.6,8,0.375,7,0.571,22,0.364,1.3,0.6,5.2,0.4,8.9,0.18,0.07,0.14,4.7,69
354,Paul Millsap,Den,F,35.51,51,24.3,50.7,20,141,0.816,314,0.5,124,0.435,11.6,5.7,13.2,1.6,9.6,0.86,0.59,1.37,7.8,79
355,Shake Milton,Phi,G-F,23.88,40,20.1,41.9,18.8,65,0.785,142,0.535,135,0.43,9.4,2.2,6,2.6,18.8,0.48,0.18,1.18,7.5,75
356,Donovan Mitchell,Uta,G,23.94,69,34.3,71.4,30.8,322,0.863,869,0.494,473,0.366,24,4.4,7.1,4.3,21.6,1.01,0.2,2.67,9,88
357,Adam Mokoka,Chi,G,22.08,11,10.2,21.2,12.1,4,0.5,13,0.462,15,0.4,2.9,0.9,4.9,0.4,5,0.36,0,0.18,4,68
358,Malik Monk,Cha,G,22.53,55,21.3,44.3,22.9,100,0.82,284,0.542,204,0.284,10.3,2.9,7.3,2.1,16.6,0.45,0.29,1.4,7.5,75
359,Matt Mooney,Cle,G,23.52,4,4.7,9.8,9.1,0,0,2,0.5,2,0,0.5,0.8,8.9,0.3,6.8,0.5,0.25,0,4.2,68
360,E'Twaun Moore,Nor,G,31.47,56,18.2,37.9,19.9,45,0.689,270,0.456,167,0.377,8.3,2.3,6.8,1.4,11,0.57,0.2,0.71,6.6,73
361,Ja Morant,Mem,G,21.01,67,31,64.5,25.9,308,0.776,758,0.511,179,0.335,17.8,3.9,6.5,7.3,35.2,0.88,0.27,3.28,10.3,85
362,Juwan Morgan,Uta,F,23.33,21,6.4,13.3,11,4,0.75,18,0.667,8,0.375,1.7,1.4,11.9,0.3,6.2,0.05,0.1,0.29,5.6,70
363,Markieff Morris,Det,F,30.95,44,22.5,46.8,21.8,79,0.772,200,0.5,189,0.397,11,3.9,9.9,1.6,11,0.59,0.23,1.59,7.3,75
364,Markieff Morris,Lal,F,30.95,14,14.2,29.7,16.6,6,0.833,30,0.5,40,0.325,5.3,3.2,12.3,0.6,5.4,0.36,0.43,0.43,6.1,75
365,Monte Morris,Den,G,25.13,73,22.4,46.7,17.5,89,0.843,394,0.495,172,0.378,9,1.9,4.7,3.5,22.1,0.75,0.23,0.74,7,77
366,Johnathan Motley,Lac,F,25.28,13,3.2,6.6,23.5,7,0.714,14,0.714,1,1,2.2,0.8,12.6,0.5,28.7,0.23,0,0.38,12,71
367,Emmanuel Mudiay,Uta,G,24.44,54,15.7,32.8,22.6,83,0.759,239,0.506,87,0.345,7.3,2.3,8.2,2.1,20.9,0.44,0.19,1.41,8.4,74
368,Mychal Mulder,Gol,G,26.18,7,29.1,60.6,16.2,12,0.75,15,0.667,52,0.308,11,3.3,6.1,1.1,5.9,0.29,0.14,0.71,4.7,68
369,Dejounte Murray,San,G,23.9,66,25.6,53.2,20.8,114,0.798,526,0.481,111,0.369,10.9,5.8,12.3,4.1,23.1,1.68,0.26,1.89,10,80
370,Jamal Murray,Den,G,23.47,59,32.3,67.2,25.2,185,0.881,570,0.519,324,0.346,18.5,4,6.9,4.8,22.9,1.14,0.29,2.15,8.8,85
371,Dzanan Musa,Bro,G-F,21.27,40,12.2,25.4,20.1,60,0.75,94,0.479,78,0.244,4.8,2.2,9.1,1.1,12.6,0.38,0.03,0.9,7.4,71
372,Mike Muscala,Okc,F-C,29.12,47,12.2,25.3,16.6,22,0.818,46,0.5,143,0.378,4.8,2.3,10.4,0.9,10.1,0.19,0.26,0.36,7,73
373,Abdel Nader,Okc,F,26.89,55,15.8,32.8,17,66,0.773,135,0.556,128,0.375,6.3,1.8,6.4,0.7,6.4,0.42,0.36,0.78,5.1,71
374,Shabazz Napier,Min,G,29.09,36,23.8,49.6,19.1,88,0.818,124,0.54,159,0.296,9.6,3.1,6.8,5.2,31.3,1.14,0.19,2.11,9,76
375,Shabazz Napier,Was,G,29.09,20,24.4,50.9,21.6,65,0.831,92,0.489,81,0.358,11.6,2.4,5.4,3.8,21.6,1.45,0.2,2.6,7.8,76
376,Raul Neto,Phi,G,28.24,54,12.4,25.8,18.6,47,0.83,133,0.504,88,0.386,5.1,1.1,5,1.8,20.3,0.44,0.11,0.87,7,73
377,Malik Newman,Cle,G,23.48,1,3.7,7.7,44.8,2,1,1,0,1,0,2,0,0,0,0,0,0,1,0,68
378,Georges Niang,Uta,F,27.16,66,14,29.1,17.2,24,0.833,97,0.526,225,0.4,5.9,1.9,7.6,0.7,6.9,0.27,0.08,0.45,5.7,73
379,Joakim Noah,Lac,F-C,35.47,5,10,20.9,14.6,8,0.75,8,0.5,0,0,2.8,3.2,16.5,1.4,17.9,0.2,0.2,1.2,9.3,72
380,Nerlens Noel,Okc,C-F,26.35,61,18.5,38.5,14.9,106,0.755,266,0.688,3,0.333,7.4,4.9,14.7,0.9,7.6,0.97,1.49,1.08,6.9,76
381,Jaylen Nowell,Min,G,21.35,15,10.1,21,17.3,17,0.941,27,0.593,26,0.115,3.8,0.9,4.5,1.3,17.8,0.2,0,0.2,6.5,71
382,Frank Ntilikina,Nyk,G,22.05,57,20.8,43.4,15.4,59,0.864,196,0.444,137,0.321,6.3,2.1,5.4,3,20.2,0.95,0.28,1.25,6.6,73
383,Kendrick Nunn,Mia,G,25.03,67,29.3,61,24,100,0.85,523,0.505,391,0.35,15.3,2.7,5.1,3.3,18.5,0.84,0.22,1.7,7,76
384,Jusuf Nurkic,Por,C,25.98,8,31.7,65.9,24,35,0.886,99,0.525,10,0.2,17.6,10.3,17,4,19.1,1.38,2,2.38,11.3,84
385,David Nwaba,Bro,G-F,27.58,20,13.4,28,14.2,27,0.667,43,0.581,28,0.429,5.2,2.3,8.7,0.4,4.3,0.55,0.6,0.4,5,73
386,Semi Ojeleye,Bos,F,25.69,69,14.6,30.5,9.7,32,0.875,69,0.464,127,0.378,3.4,2.1,7.7,0.5,4.7,0.3,0.07,0.28,4.2,71
387,Jahlil Okafor,Nor,C-F,24.67,30,15.6,32.4,19.9,62,0.645,159,0.629,3,0.333,8.1,4.2,14.4,1.2,12,0.23,0.73,1.27,8.8,76
388,Elie Okobo,Pho,F-G,22.81,55,13.1,27.2,14.8,71,0.704,110,0.427,71,0.352,4,1.6,7,2.1,21.2,0.45,0.07,0.69,7.3,71
389,Josh Okogie,Min,G,21.95,62,25,52,15.1,191,0.796,244,0.529,154,0.266,8.6,4.3,9.1,1.6,8.9,1.1,0.42,1.39,6.2,74
390,KZ Okpala,Mia,F-G,21.3,5,5.2,10.8,11.6,2,0.5,4,0.75,1,0,1.4,1,10.7,0.2,5.5,0.4,0.2,0.2,5,71
391,Victor Oladipo,Ind,G,28.28,19,27.8,57.9,26.5,59,0.814,142,0.451,104,0.317,14.5,3.9,7.8,2.9,15.4,0.89,0.21,2.47,7.9,82
392,Kelly Olynyk,Mia,C,29.32,67,19.4,40.4,17.4,100,0.86,164,0.543,234,0.406,8.2,4.6,13.1,1.7,13.3,0.67,0.34,1.06,8.3,76
393,Royce O'Neale,Uta,F,27.2,71,28.9,60.1,9.6,55,0.764,121,0.545,244,0.377,6.3,5.5,10.4,2.5,11.6,0.83,0.45,0.86,6.1,74
394,Miye Oni,Uta,G-F,23.03,10,10.9,22.7,15.3,5,0.8,13,0.385,19,0.368,3.5,1.7,8.6,0.4,5.1,0.4,0.2,0.4,4.9,68
395,Kyle O'Quinn,Phi,C-F,30.39,29,10.8,22.5,15.7,20,0.55,58,0.603,27,0.259,3.5,4,20.5,1.8,22.7,0.24,0.83,0.69,10.9,74
396,Cedi Osman,Cle,F,25.35,65,29.4,61.2,16.6,94,0.67,288,0.497,321,0.383,11,3.6,6.7,2.4,11.6,0.83,0.25,1.4,6.2,75
397,Tariq Owens,Pho,F,25.13,3,5.1,10.7,16.2,2,1,3,0.333,2,0,1.3,1,10.8,0,0,0.33,0,0,0,68
398,Jeremy Pargo,Gol,G,34.44,3,14.8,30.8,25.5,1,0,15,0.533,7,0.429,8.3,1,3.7,2.7,32.8,0.33,0,1.33,7.6,69
399,Jabari Parker,Atl,F,25.42,32,26.2,54.5,24,72,0.736,278,0.601,115,0.27,15,6,12.3,1.8,11.5,1.31,0.47,1.88,8.3,77
400,Jabari Parker,Sac,F,25.42,6,13.4,28,23.7,9,0.889,32,0.625,4,0.25,8.5,3.8,16.1,1.7,21.3,0.5,0.17,0.67,11.3,77
401,Chandler Parsons,Atl,F,31.8,5,10.8,22.6,16.1,0,0,4,0.25,14,0.286,2.8,1.4,7,0.6,7.4,0.8,0.2,0.6,4.9,74
402,Eric Paschall,Gol,F,23.78,60,27.6,57.4,21.4,212,0.774,512,0.549,129,0.287,14,4.6,9,2.1,12.7,0.53,0.22,1.57,7.4,79
403,Anzejs Pasecniks,Was,C,24.65,26,16.8,35,15.8,58,0.586,113,0.54,3,0,6,4.1,13.4,0.7,5.7,0.35,0.46,0.92,6.1,72
404,Patrick Patterson,Lac,F,31.42,59,13.2,27.4,14.7,43,0.814,61,0.459,172,0.39,4.9,2.6,10.1,0.7,7.2,0.12,0.05,0.36,6.3,74
405,Justin Patton,Okc,C,23.17,5,4.8,10.1,21.8,0,0,6,0.5,4,0.25,1.8,1,11.4,0.4,12.5,0,0,0.4,7.5,69
406,Chris Paul,Okc,G,35.28,70,31.5,65.7,23.3,279,0.907,583,0.554,304,0.365,17.6,5,8.8,6.7,34,1.59,0.16,2.3,10.6,88
407,Cameron Payne,Pho,G,26.02,8,22.9,47.7,19.1,7,0.857,39,0.462,29,0.517,10.9,3.9,9.4,3,19.4,1,0.25,1.38,8.8,74
408,Gary Payton II,Was,G,27.7,29,14.9,31,13.4,8,0.5,70,0.5,46,0.283,3.9,2.8,10.1,1.7,14.8,1.14,0.24,0.69,7.1,72
409,Elfrid Payton,Nyk,G,26.48,45,27.7,57.7,19.5,86,0.57,371,0.482,69,0.203,10,4.7,9,7.2,38.6,1.58,0.38,2.11,10.1,77
410,Norvel Pelle,Phi,F,27.53,24,9.7,20.1,13.4,14,0.5,47,0.532,1,0,2.4,3,17.2,0.3,4.6,0.13,1.25,0.75,5.3,71
411,Theo Pinson,Bro,G-F,24.78,33,11.1,23.1,22.3,16,0.938,75,0.4,80,0.188,3.6,1.6,7.6,1.7,21.6,0.52,0.12,1,7.7,69
412,Mason Plumlee,Den,F-C,30.45,61,17.3,36.1,18,155,0.535,283,0.625,5,0,7.2,5.2,16.7,2.5,20.9,0.52,0.61,1.33,10.5,77
413,Jakob Poeltl,San,C,24.83,66,17.7,37,13.1,86,0.465,266,0.624,0,0,5.6,5.7,17.2,1.8,13.7,0.56,1.45,0.8,8.7,76
414,Vincent Poirier,Bos,C-F,26.8,22,5.9,12.3,15.4,7,0.857,34,0.471,2,0.5,1.9,2,17.7,0.4,8.5,0.09,0.41,0.36,7.8,73
415,Shamorie Ponds,Tor,G,19.2,4,2.7,5.5,23.7,2,1,3,0.667,2,0.5,2.3,0.3,5,0.5,34.3,0,0.25,0,10.4,68
416,Jordan Poole,Gol,G,21.16,57,22.3,46.6,21,119,0.798,237,0.392,265,0.279,8.8,2.1,5,2.4,15.8,0.6,0.18,1.26,6.3,72
417,Bobby Portis,Nyk,F,25.51,66,21.1,44,21.4,93,0.763,402,0.493,187,0.358,10.1,5.1,12.9,1.5,11.1,0.5,0.27,1.11,8.1,77
418,Kristaps Porzingis,Dal,F-C,25.04,57,31.8,66.3,27,283,0.799,529,0.484,403,0.352,20.4,9.5,15.6,1.8,8.8,0.72,2.02,1.61,8.9,87
419,Dwight Powell,Dal,F-C,29.07,40,26.5,55.2,12.7,111,0.667,190,0.716,39,0.256,9.4,5.7,11.3,1.5,7.7,0.88,0.53,0.93,6.5,76
420,Norman Powell,Tor,G,27.23,52,28.4,59.2,21.4,153,0.843,323,0.579,273,0.399,16,3.6,6.7,1.8,9.7,1.15,0.4,1.5,6.6,77
421,Taurean Prince,Bro,F,26.4,64,29,60.5,20.4,89,0.798,308,0.429,431,0.339,12.1,6,10.6,1.8,9.2,0.89,0.39,1.98,7,73
422,Chasson Randle,Gol,G,27.52,3,13.5,28.1,7,6,0.833,2,0,2,0,1.7,0.7,2.7,1.7,15.5,0.67,0,0,3.7,71
423,Julius Randle,Nyk,C-F,25.71,64,32.5,67.7,27.6,352,0.733,774,0.516,231,0.277,19.5,9.7,16,3.1,15.8,0.8,0.34,3.03,10.3,80
424,Josh Reaves,Dal,G-F,23.2,4,7.1,14.7,14.9,2,1,7,0.429,2,0,2,0.8,5.6,0.8,14.1,0,0,0,6.1,67
425,Cam Reddish,Atl,F-G,20.95,58,26.7,55.7,18.9,126,0.802,304,0.428,250,0.332,10.5,3.7,7.5,1.5,8,1.07,0.48,1.64,5.8,73
426,JJ Redick,Nor,G,36.14,60,26.4,54.9,20.4,185,0.892,234,0.453,397,0.453,15.3,2.5,5.1,2,10.8,0.33,0.18,1.25,6.4,78
427,Naz Reid,Min,C-F,20.97,30,16.5,34.4,24,53,0.698,146,0.466,97,0.33,9,4.1,13.2,1.2,11.2,0.63,0.73,0.73,8.6,72
428,Josh Richardson,Phi,G,26.92,55,30.8,64.1,20.6,141,0.809,397,0.486,249,0.341,13.7,3.2,5.7,2.9,13.9,0.95,0.65,1.89,6.5,80
429,Austin Rivers,Hou,G,28.04,68,23.4,48.8,15.6,111,0.703,231,0.498,270,0.356,8.8,2.6,5.7,1.7,10,0.72,0.16,0.74,5.8,75
430,Andre Roberson,Okc,G-F,28.7,7,12.4,25.9,16.1,2,0.5,15,0.333,14,0.214,2.9,3.9,17.1,0.6,6.3,0.14,0.43,0.29,6.1,72
431,Glenn Robinson III,Gol,F,26.6,48,31.6,65.8,16.6,74,0.851,336,0.524,170,0.4,12.9,4.7,8,1.8,8.8,0.94,0.29,1.06,6,75
432,Glenn Robinson III,Phi,F,26.6,14,19.3,40.2,15.2,12,0.917,58,0.603,27,0.333,7.7,3.1,9,0.8,5.9,0.71,0.14,0.36,5.5,75
433,Duncan Robinson,Mia,F,26.32,73,29.7,61.8,16,72,0.931,81,0.654,606,0.446,13.5,3.2,6,1.4,7.1,0.48,0.26,0.95,5.3,78
434,Jerome Robinson,Lac,G,23.48,42,11.3,23.6,15,19,0.579,69,0.391,67,0.284,2.9,1.4,6.5,1.1,12.7,0.31,0.19,0.62,5.8,73
435,Jerome Robinson,Was,G,23.48,21,24,49.9,17.7,38,0.763,88,0.443,86,0.349,9.4,3.3,7.5,2,11.2,0.71,0.43,1.1,6.6,73
436,Justin Robinson,Was,G,22.84,9,5.4,11.3,12.8,0,0,7,0.286,5,0.6,1.4,0.6,5.6,0.8,18.9,0,0.11,0.33,6.5,67
437,Mitchell Robinson,Nyk,C-F,22.37,61,23.2,48.2,13.3,148,0.568,341,0.742,0,0,9.7,7,16.2,0.6,3.9,0.85,1.95,0.61,5.9,81
438,Isaiah Roby,Okc,F,22.53,3,3.8,7.9,7.7,0,0,1,0,0,0,0,0.7,9.7,0,0,0,0,0.33,0,70
439,Rajon Rondo,Lal,G,34.48,48,20.5,42.7,18.7,41,0.659,202,0.475,125,0.328,7.1,3,7.9,5,32.8,0.81,0.04,1.9,9.2,76
440,Derrick Rose,Det,G,31.86,50,26,54.1,31.6,139,0.871,606,0.535,147,0.306,18.1,2.4,5.3,5.6,40.5,0.8,0.34,2.52,9.6,81
441,Terrence Ross,Orl,G-F,29.52,69,27.4,57,22.8,184,0.853,342,0.48,504,0.351,14.7,3.2,6.3,1.2,6.8,1.12,0.35,1.01,5.6,78
442,Terry Rozier,Cha,G,26.41,63,34.4,71.6,23.8,191,0.869,518,0.436,425,0.405,18,4.4,7,4.1,20.3,0.95,0.16,2.24,8,79
443,Ricky Rubio,Pho,G,29.82,65,31,64.6,20.4,226,0.863,476,0.439,216,0.361,13,4.7,8.4,8.8,39.7,1.45,0.17,2.66,10.5,79
444,D'Angelo Russell,Gol,G,24.47,33,32.1,66.9,32.2,144,0.785,314,0.487,321,0.374,23.6,3.7,6.2,6.2,35.9,0.91,0.27,3.06,10.2,84
445,D'Angelo Russell,Min,G,24.47,12,32.6,68,29.5,55,0.873,100,0.49,110,0.345,21.7,4.6,7.4,6.6,33.1,1.42,0.33,3.92,10.7,84
446,Domantas Sabonis,Ind,F-C,24.28,62,34.8,72.5,23.3,296,0.723,780,0.565,67,0.254,18.5,12.4,19.6,5,21.7,0.73,0.48,2.76,12,85
447,Luka Samanic,San,F,20.6,3,16.1,33.6,17.6,4,0.75,8,0.25,8,0.375,5.3,3.3,11.1,2,16.2,0,0.67,0.67,8.1,72
448,JaKarr Sampson,Ind,F,27.41,34,13.8,28.8,13.2,27,0.667,102,0.647,13,0.154,4.6,2.6,10.2,0.6,6.1,0.47,0.35,0.44,5.6,73
449,Dario Saric,Pho,F,26.35,66,24.7,51.5,17.8,128,0.844,303,0.568,235,0.357,10.7,6.2,13.8,1.9,10.8,0.56,0.24,1.33,8.1,76
450,Tomas Satoransky,Chi,G,28.79,65,28.9,60.2,16.7,121,0.876,352,0.491,199,0.322,9.9,3.9,7.5,5.4,27.1,1.23,0.11,2,8.2,76
451,Admiral Schofield,Was,G-F,23.38,33,11.2,23.3,11.8,15,0.667,31,0.516,60,0.317,3,1.4,7,0.5,5.3,0.24,0.12,0.21,4.6,71
452,Mike Scott,Phi,F,32.08,68,17.8,37,14,37,0.811,133,0.519,217,0.369,6,3.7,11.4,0.8,6.4,0.32,0.07,0.38,5.9,72
453,Thabo Sefolosha,Hou,F-G,36.29,41,10.6,22.1,10.4,8,0.375,37,0.595,54,0.278,2.2,2.3,11.2,0.6,7.6,0.59,0.29,0.37,5.5,72
454,Collin Sexton,Cle,G,21.61,65,33,68.7,27.2,267,0.846,832,0.5,255,0.38,20.8,3.2,5.3,3,15.1,1.02,0.11,2.43,7.1,80
455,Landry Shamet,Lac,G,23.43,53,27.4,57.1,13.4,76,0.855,95,0.495,296,0.375,9.3,1.9,3.6,1.9,9.1,0.38,0.19,0.79,4.7,74
456,Marial Shayok,Phi,G-F,25.06,4,7,14.5,25.9,4,0.75,6,0.167,6,0.333,2.8,1.8,13.9,0.3,4.8,0,0.25,0.75,6.6,67
457,Iman Shumpert,Bro,G,30.14,13,18.5,38.6,13.4,7,0.571,31,0.419,33,0.242,4.2,2.6,7.3,0.9,6.7,0.92,0.15,0.77,4.6,72
458,Pascal Siakam,Tor,F,26.37,60,35.2,73.3,28.1,303,0.792,739,0.499,365,0.359,22.9,7.3,11,3.5,16.4,1.02,0.88,2.47,9.5,88
459,Ben Simmons,Phi,F,24.07,57,35.4,73.7,20.9,298,0.621,641,0.582,7,0.286,16.4,7.8,12.2,8,33.8,2.11,0.58,3.51,11.4,87
460,Anfernee Simons,Por,G,21.19,70,20.7,43.1,18.7,92,0.826,311,0.447,226,0.332,8.3,2.2,5.5,1.4,9.2,0.37,0.14,0.87,5.7,72
461,Alen Smailagic,Gol,F,19.99,14,9.9,20.7,18.3,19,0.842,27,0.63,13,0.231,4.2,1.9,10.5,0.9,14.3,0.21,0.29,0.79,7.8,71
462,Marcus Smart,Bos,G,26.44,60,32,66.6,18.9,152,0.836,287,0.415,395,0.347,12.9,3.8,6.3,4.9,21.1,1.67,0.48,1.73,7.8,80
463,JR Smith,Lal,G,34.93,6,13.2,27.4,14.4,2,1,11,0.545,11,0.091,2.8,0.8,3.5,0.5,4.8,0.17,0,0.67,3.1,74
464,Zhaire Smith,Phi,G,21.2,7,4.6,9.6,19.7,4,0.5,8,0.375,3,0,1.1,0.3,3.4,0.3,8.2,0.43,0,0.29,4,70
465,Tony Snell,Det,G,28.76,59,27.8,57.9,11.4,32,1,128,0.531,254,0.402,8,1.9,3.8,2.2,10.9,0.54,0.25,0.53,4.6,72
466,Omari Spellman,Gol,F,23.07,49,18.1,37.7,18.7,92,0.793,185,0.454,110,0.391,7.6,4.4,13.3,1,8.1,0.67,0.49,1.08,7.1,74
467,Max Strus,Chi,G-F,24.38,2,3.1,6.5,23.6,1,1,2,1,1,0,2.5,0.5,8.9,0,0,0,0,0,0,68
468,Edmond Sumner,Ind,G,24.62,31,14.4,30,17.3,29,0.552,89,0.528,53,0.264,4.9,1.5,5.5,1.8,16.7,0.48,0.29,0.68,6.6,71
469,Caleb Swanigan,Sac,F,23.33,7,3.3,6.8,20.7,2,0.5,4,0.5,0,0,0.7,1,17.3,0.3,11.6,0.14,0.29,0.86,7.2,69
470,Caleb Swanigan,Por,F,23.33,20,13.3,27.6,12.9,15,0.533,41,0.634,2,0,3,4.7,18.4,1.5,14.1,0.1,0.25,1.55,8.3,69
471,Jayson Tatum,Bos,F-G,22.45,66,34.3,71.5,28.6,313,0.812,758,0.479,469,0.403,23.4,7,10.9,3,14.5,1.42,0.86,2.33,9.2,87
472,Jeff Teague,Min,G,32.18,34,27.8,57.9,20.2,144,0.868,238,0.471,87,0.379,13.2,2.6,4.9,6.1,32.5,0.74,0.38,2.24,8.5,78
473,Jeff Teague,Atl,G,32.18,25,20.8,43.2,18.3,53,0.887,135,0.43,30,0.333,7.7,2.2,5.6,4,27.3,0.76,0.24,1.6,7.8,78
474,Garrett Temple,Bro,G-F,34.27,62,27.9,58.1,16.6,87,0.805,201,0.473,386,0.329,10.3,3.5,6.5,2.5,12.8,0.79,0.47,1,6.4,74
475,Daniel Theis,Bos,F,28.36,65,24.1,50.2,14.4,114,0.763,330,0.633,96,0.333,9.2,6.5,14.5,1.7,10.1,0.57,1.29,0.83,7.7,79
476,Isaiah Thomas,Was,G,31.52,40,23.1,48.2,24.1,76,0.816,237,0.405,189,0.413,12.2,1.7,4,3.7,23.5,0.33,0.15,1.9,7.4,77
477,Khyri Thomas,Det,G,24.27,8,7.7,15.9,15.5,4,0.5,3,0,14,0.357,2.1,0.1,0.9,0.4,6.7,0.38,0,0.38,2.3,68
478,Matt Thomas,Tor,G,26.03,41,10.7,22.4,16.6,12,0.75,51,0.51,99,0.475,4.9,1.5,7.3,0.5,7.5,0.24,0.02,0.39,5.8,74
479,Tristan Thompson,Cle,C-F,29.43,57,30.2,62.9,18.3,161,0.615,538,0.519,23,0.391,12,10.1,18.6,2.1,10.5,0.56,0.88,1.81,8.4,79
480,Sindarius Thornwell,Nor,G,25.75,2,17.8,37,17,4,0.5,7,0.571,4,0.5,8,2,6,2,15.9,0.5,0.5,1,7.1,71
481,Matisse Thybulle,Phi,G-F,23.45,65,19.8,41.3,11.2,41,0.61,108,0.519,157,0.357,4.7,1.6,4.6,1.2,8,1.43,0.72,0.78,4.2,75
482,Anthony Tolliver,Por,F,35.21,33,16.8,35,11.2,19,0.684,28,0.464,89,0.337,3.9,3.3,10.4,0.9,6.6,0.24,0.27,0.64,5.4,71
483,Anthony Tolliver,Sac,F,35.21,9,9.1,18.9,11.6,2,0.5,2,0.5,15,0.133,1,1.2,7.6,0.3,4.6,0.44,0.11,0.44,3.1,71
484,Anthony Tolliver,Mem,F,35.21,13,18.2,37.9,10.7,8,0.875,7,0.286,41,0.415,4.8,2.5,7.4,0.8,5.3,0.54,0.08,0.69,4.7,71
485,Juan Toscano-Anderson,Gol,F,27.35,13,20.9,43.6,12.7,5,0.6,40,0.525,23,0.348,5.3,4,10.4,2,13.8,1,0.38,1.23,6.7,69
486,Karl-Anthony Towns,Min,C-F,24.75,35,33.9,70.7,28.8,226,0.796,345,0.586,277,0.412,26.5,10.8,16.8,4.4,22.8,0.94,1.2,3.14,12.7,90
487,Allonzo Trier,Nyk,G,24.58,24,12.1,25.2,21.6,43,0.791,53,0.604,53,0.358,6.5,1.3,5.5,1.2,14.8,0.13,0.17,0.96,7.2,75
488,Rayjon Tucker,Uta,G,22.89,19,8.5,17.7,16.5,23,0.826,26,0.654,17,0.176,3.3,1.1,6.8,0.3,4.4,0.05,0.05,0.42,4.8,69
489,Evan Turner,Atl,G-F,31.8,19,13.2,27.6,16.4,14,0.857,62,0.403,5,0,3.3,2,8.1,2,20.5,0.47,0.42,1.37,7.2,73
490,Myles Turner,Ind,C-F,24.39,62,29.4,61.4,17.9,169,0.751,337,0.54,250,0.344,12.1,6.6,12.3,1.2,5.4,0.74,2.13,1.37,6.2,79
491,Jarrod Uthoff,Mem,F,27.24,4,3.5,7.2,23.8,2,1,3,0.333,4,0,1,0.3,3.8,0,0,0.25,0,0,0,67
492,Jarrod Uthoff,Was,F,27.24,3,13.1,27.4,11.6,0,0,6,0.5,5,0.6,5,1.7,6.9,0,0,0,0,0,0,67
493,Jonas Valanciunas,Mem,C,28.27,70,26.4,54.9,21.6,200,0.74,650,0.615,91,0.352,14.9,11.3,22.6,1.9,10.9,0.44,1.1,1.81,10.4,81
494,Denzel Valentine,Chi,G,26.75,36,13.6,28.2,23.3,8,0.75,100,0.51,137,0.336,6.8,2.1,8.4,1.2,14.2,0.72,0.17,0.72,7.6,76
495,Jarred Vanderbilt,Den,F,21.37,9,4.6,9.6,14.7,0,0,7,0.714,0,0,1.1,0.9,10.8,0.2,6.5,0.33,0.11,0.78,5.1,70
496,Jarred Vanderbilt,Min,F,21.37,2,2.6,5.3,15.2,2,1,0,0,1,0,1,0.5,10.3,0,0,0,0,0,0,70
497,Fred VanVleet,Tor,G,26.47,54,35.7,74.4,21.7,198,0.848,399,0.434,374,0.39,17.6,3.8,5.6,6.6,27.7,1.8,0.31,2.2,8.5,85
498,Gabe Vincent,Mia,G,24.17,9,9.2,19.2,20.2,0,0,10,0.2,27,0.222,2.4,0.6,3.4,0.7,10.1,0.56,0,0.11,4.4,67
499,Noah Vonleh,Min,F,24.98,29,12,25,13.8,28,0.821,72,0.625,14,0.143,4.1,4,17.6,0.9,10.8,0.38,0.21,0.62,8.2,74
500,Noah Vonleh,Den,F,24.98,7,4.3,9,14,4,0.5,5,0.8,1,1,1.9,1.1,14.8,0.3,9.4,0,0,0.29,8,74
501,Nikola Vucevic,Orl,C,29.81,62,32.2,67.1,25.8,167,0.784,744,0.531,289,0.339,19.6,10.8,18,3.6,19.5,0.87,0.76,1.42,11.3,86
502,Dean Wade,Cle,F-C,23.73,12,6,12.4,9.8,1,0,9,0.778,4,0.5,1.7,1.6,14.8,0.2,4,0.17,0.33,0.25,5.4,70
503,Moritz Wagner,Was,F-C,23.3,45,18.6,38.7,18.6,95,0.821,186,0.645,80,0.313,8.7,4.9,14.3,1.2,9.7,0.62,0.42,1.47,8,76
504,Dion Waiters,Mia,G,28.68,3,14,29.2,30.8,1,0,9,0.222,17,0.471,9.3,3.7,14.6,1,12.4,0,0.67,1,9.3,73
505,Dion Waiters,Lal,G,28.68,7,23.6,49.2,23.7,16,0.875,43,0.558,30,0.233,11.9,1.9,4.3,2.4,14.9,0.57,0.57,1.86,6.4,73
506,Kemba Walker,Bos,G,30.27,56,31.1,64.8,27.2,242,0.864,416,0.476,473,0.381,20.4,3.9,6.7,4.8,24.2,0.86,0.5,2.09,9.3,86
507,Tyrone Wallace,Atl,G,26.18,14,11.5,23.9,15.9,17,0.647,29,0.448,15,0.067,2.9,1.6,7.4,0.9,10.8,0.5,0.07,0.71,5.6,68
508,Brad Wanamaker,Bos,G,31.06,71,19.3,40.2,15.5,136,0.926,260,0.481,102,0.363,6.9,2,5.6,2.5,17.8,0.85,0.21,1.07,6.7,73
509,Yuta Watanabe,Mem,G-F,25.84,18,5.8,12.1,15.7,8,0.375,26,0.462,8,0.375,2,1.1,10,0.3,6.4,0.22,0.06,0.11,6,68
510,Tremont Waters,Bos,G,22.59,11,10.8,22.5,24.3,8,1,25,0.4,24,0.167,3.6,1.1,5.4,1.5,18.4,0.91,0.18,1.36,6.7,69
511,Paul Watson,Atl,G,25.63,2,8.8,18.2,16.6,0,0,4,0,3,0,0,1,6.2,1.5,20.5,0.5,0,0,0,67
512,Paul Watson,Tor,G,25.63,8,8.7,18.2,15.9,9,0.778,10,0.6,9,0.444,3.9,1.9,11.4,0.6,10.4,0.38,0.13,0.38,7.6,67
513,Quinndary Weatherspoon,San,G,23.93,11,7.1,14.7,12.7,2,0.5,12,0.333,5,0.2,1.1,0.6,4.9,1,17.6,0.27,0.09,0.45,4.9,68
514,Russell Westbrook,Hou,G,31.75,57,36,74.9,34.4,380,0.763,1068,0.514,213,0.258,27.2,7.9,11.5,7,35.6,1.65,0.35,4.47,12.7,88
515,Coby White,Chi,G,20.49,65,25.8,53.7,24.4,129,0.791,416,0.43,376,0.354,13.2,3.6,7.6,2.7,16.6,0.75,0.09,1.68,7.8,77
516,Derrick White,San,G,26.12,68,24.7,51.4,18.9,211,0.853,336,0.518,216,0.366,11.3,3.3,7.1,3.5,20,0.66,0.85,1.31,8.2,79
517,Hassan Whiteside,Por,C,31.17,67,30,62.4,19.6,239,0.686,695,0.622,7,0.571,15.5,13.5,23.6,1.2,5.9,0.39,2.93,1.79,8.4,83
518,Andrew Wiggins,Min,F,25.47,42,34.7,72.2,27.9,207,0.72,515,0.505,275,0.331,22.4,5.2,7.9,3.7,18.1,0.69,0.86,2.52,8.7,82
519,Andrew Wiggins,Gol,F,25.47,12,33.6,70,25.4,61,0.672,129,0.512,59,0.339,19.4,4.6,7.4,3.6,18.2,1.33,1.33,2.08,8.2,82
520,Grant Williams,Bos,F,21.71,69,15.1,31.5,11.6,54,0.722,115,0.548,96,0.25,3.4,2.6,9.1,1,8.4,0.43,0.52,0.72,5.5,71
521,Johnathan Williams,Was,F,25.23,15,12,25,10.3,13,0.538,32,0.594,2,0,3,4.3,19.4,0.5,5.9,0.07,0.53,0.33,6.2,70
522,Kenrich Williams,Nor,G-F,25.7,39,21.3,44.4,8.9,26,0.346,50,0.52,97,0.258,3.5,4.8,11.9,1.5,8.4,0.69,0.54,0.56,5.5,71
523,Marvin Williams,Cha,F,34.16,41,19.7,41,14,50,0.86,93,0.538,117,0.376,6.7,2.7,7.5,1,7.8,0.61,0.56,0.61,5.3,74
524,Marvin Williams,Mil,F,34.16,17,18.9,39.4,8.7,7,0.857,18,0.722,39,0.308,4,4.4,11.4,1.1,7.2,0.59,0.47,0.47,5.7,74
525,Zion Williamson,Nor,F,20.11,24,27.8,58,30.5,178,0.64,346,0.59,14,0.429,22.5,6.3,11.9,2.1,13.2,0.67,0.38,2.46,9.6,86
526,Justise Winslow,Mia,G-F,24.39,11,32,66.7,20.6,27,0.667,102,0.431,27,0.222,11.3,6.6,11.6,4,18.7,0.73,0.45,2.18,8.4,77
527,Christian Wood,Det,F,24.88,62,21.4,44.5,23,243,0.745,368,0.636,140,0.386,13.1,6.3,16.7,1,7.6,0.55,0.89,1.35,8.1,80
528,Delon Wright,Dal,G,28.3,73,21.5,44.8,14.4,100,0.77,284,0.504,128,0.367,6.9,3.8,9.4,3.3,21.1,1.15,0.3,1,8.2,75
529,Justin Wright-Foreman,Uta,G,22.8,4,11.3,23.5,23.9,4,0.75,10,0.5,10,0.2,4.8,1.3,6.1,1.8,22.9,0.5,0,0.75,7.9,67
530,Thaddeus Young,Chi,F,32.15,64,24.9,51.8,19.7,72,0.583,379,0.501,223,0.354,10.3,4.9,10.9,1.8,11.3,1.44,0.36,1.59,7.2,76
531,Trae Young,Atl,G,21.9,60,35.3,73.6,34.9,559,0.86,681,0.501,568,0.361,29.6,4.2,6.4,9.3,45.6,1.08,0.13,4.8,11.9,88
532,Cody Zeller,Cha,C,27.86,58,23.1,48.2,20.8,179,0.682,405,0.575,75,0.24,11.1,7.1,16.8,1.5,11.3,0.69,0.43,1.29,8.5,78
533,Tyler Zeller,San,F-C,30.58,2,2,4.1,44.3,0,0,4,0.25,0,0,1,2,55.3,0,0,0,0,0,0,72
534,Ante Zizic,Cle,C,23.61,22,10,20.9,17.5,19,0.737,72,0.569,0,0,4.4,3,16.4,0.3,4.2,0.32,0.23,0.45,6.3,73
535,Ivica Zubac,Lac,C,23.41,72,18.4,38.4,16.4,166,0.747,385,0.613,2,0,8.3,7.6,21.3,1.1,9.1,0.22,0.92,0.85,8.9,78
0,Steven Adams,Okc,C,25.73,80,33.4,69.5,16.4,292,0.5,807,0.596,2,0,13.9,9.5,14.7,1.6,6.6,1.49,0.96,1.73,7.1,82
1,Bam Adebayo,Mia,C-F,21.73,82,23.3,48.6,15.8,226,0.735,471,0.588,15,0.2,8.9,7.3,16.6,2.2,14.2,0.88,0.79,1.48,9,79
2,LaMarcus Aldridge,San,F,33.73,81,33.2,69.1,27,412,0.847,1277,0.528,42,0.238,21.3,9.2,15.1,2.4,11.6,0.54,1.32,1.78,9.4,87
3,Grayson Allen,Uta,G,23.51,38,11,22.8,24.4,60,0.75,79,0.443,99,0.323,5.6,0.6,3.1,0.7,8.9,0.13,0.16,0.87,4.8,72
4,Jarrett Allen,Bro,C,20.97,80,26.2,54.6,15.9,278,0.709,523,0.629,45,0.133,10.9,8.4,16.9,1.4,7.9,0.54,1.5,1.3,7.7,79
5,Al-Farouq Aminu,Por,F,28.55,81,28.3,58.9,13.7,173,0.867,313,0.514,280,0.343,9.4,7.5,14.2,1.3,6,0.84,0.41,0.89,6.4,77
6,Kyle Anderson,Mem,F,25.56,43,29.8,62.1,12.6,64,0.578,242,0.583,34,0.265,8,5.9,11,3,15,1.26,0.86,1.35,7,74
7,Giannis Antetokounmpo,Mil,F,24.35,72,32.8,68.2,32.3,686,0.729,1045,0.64,203,0.256,27.7,12.5,19.4,5.9,30.3,1.26,1.53,3.71,15.5,96
8,Kostas Antetokounmpo,Dal,F,21.39,2,5.3,11,23.4,4,0.5,3,0,0,0,1,0.5,5,0,0,1,0,0.5,0,68
9,OG Anunoby,Tor,F,21.74,67,20.2,42,15.5,62,0.581,202,0.574,202,0.332,7,2.9,7.8,0.7,4.7,0.69,0.33,0.82,4.8,73
10,Ryan Arcidiacono,Chi,G,25.04,81,24.2,50.4,11.7,102,0.873,201,0.527,218,0.372,6.7,2.7,6.1,3.3,19,0.8,0.06,0.77,6.5,72
11,Trevor Ariza,Pho,F,33.78,26,34,70.8,13.8,43,0.837,88,0.409,139,0.36,9.9,5.6,9.1,3.3,13.5,1.46,0.31,1.5,6.7,76
12,Trevor Ariza,Was,F,33.78,43,34.1,71,18.2,121,0.777,214,0.528,295,0.322,14.1,5.2,8.3,3.8,15.5,1.23,0.3,1.53,7.7,76
13,Deandre Ayton,Pho,C,20.72,71,30.7,64,21.2,189,0.746,866,0.588,4,0,16.3,10.3,18.5,1.8,9.6,0.87,0.94,1.77,8.7,82
14,Dwayne Bacon,Cha,G-F,23.61,43,17.6,36.8,16.8,46,0.739,170,0.494,87,0.437,7.3,2.1,6.3,1.1,9.2,0.28,0.12,0.42,5.8,73
15,Lonzo Ball,Lal,G,21.46,47,30.3,63.1,16.9,48,0.417,228,0.482,228,0.329,9.9,5.3,9.1,5.4,23.8,1.47,0.4,2.19,8.7,79
16,Mo Bamba,Orl,C,20.92,47,16.3,34,17.8,63,0.587,173,0.555,70,0.3,6.2,4.9,16.2,0.8,7.4,0.28,1.36,0.91,7.1,77
17,Harrison Barnes,Dal,F,26.86,49,32.3,67.3,23.7,198,0.833,406,0.416,311,0.389,17.7,4.2,7,1.3,6.3,0.67,0.22,1.39,5.7,79
18,Harrison Barnes,Sac,F,26.86,28,33.9,70.6,16.3,80,0.8,179,0.492,130,0.408,14.3,5.5,8.3,1.9,7.5,0.61,0.07,1.07,6.3,79
19,Will Barton,Den,G,28.26,43,27.7,57.6,20,74,0.77,264,0.447,196,0.342,11.5,4.6,9.1,2.9,14.4,0.42,0.51,1.51,7.7,78
20,Keita Bates-Diop,Min,F,23.21,30,16.8,35,14.1,28,0.643,90,0.522,52,0.25,5,2.8,8.8,0.6,4.6,0.6,0.47,0.47,4.8,70
21,Nicolas Batum,Cha,G-F,30.32,75,31.4,65.4,13.2,89,0.865,265,0.517,298,0.389,9.3,5.2,8.9,3.3,14.6,0.95,0.57,1.56,6.9,77
22,Aron Baynes,Bos,F-C,32.34,51,16.1,33.5,15.2,62,0.855,162,0.519,61,0.344,5.6,4.7,15.6,1.1,9.3,0.24,0.67,0.78,7.6,75
23,Kent Bazemore,Atl,G,29.78,67,24.5,51.1,22,176,0.722,391,0.465,300,0.32,11.6,3.9,8.3,2.3,13.5,1.33,0.63,1.81,7.7,75
24,Bradley Beal,Was,G,25.79,82,36.9,76.9,28.4,448,0.808,1012,0.548,596,0.351,25.6,5,7.3,5.5,24.1,1.5,0.7,2.72,9.6,87
25,Malik Beasley,Den,G,22.37,81,23.2,48.3,18.7,66,0.848,333,0.559,405,0.402,11.3,2.5,5.8,1.2,7.5,0.68,0.12,0.68,5.6,77
26,Michael Beasley,Lal,F,30.25,26,10.7,22.2,29.4,39,0.718,136,0.529,17,0.176,7,2.3,11.2,1,14.7,0.35,0.38,1.04,9.4,76
27,Marco Belinelli,San,G-F,33.05,79,23,47.9,19.8,124,0.903,295,0.468,395,0.372,10.5,2.5,5.9,1.7,10.1,0.44,0.1,0.9,6.2,75
28,Jordan Bell,Gol,F,24.26,68,11.6,24.2,13.7,41,0.61,190,0.521,2,0,3.3,2.7,12.5,1.1,12.4,0.26,0.76,0.62,7.4,74
29,Davis Bertans,San,F,26.41,76,21.5,44.7,14.1,60,0.883,115,0.513,338,0.429,8,3.5,8.8,1.3,8.2,0.46,0.43,0.57,6.2,76
30,Patrick Beverley,Lac,G,30.75,78,27.4,57.1,12.1,123,0.78,194,0.423,281,0.399,7.6,4.9,9.6,3.9,18.5,0.86,0.55,1.1,7.7,79
31,Khem Birch,Orl,C,26.53,50,12.9,26.8,14,83,0.699,150,0.607,1,0,4.8,3.8,15.7,0.8,8.5,0.36,0.6,0.38,7.6,74
32,Bismack Biyombo,Cha,C,26.62,54,14.5,30.2,12.7,91,0.637,157,0.567,0,0,4.4,4.6,17.1,0.6,5.9,0.19,0.76,0.63,6.3,75
33,Nemanja Bjelica,Sac,F,30.92,77,23.2,48.4,16.5,92,0.761,336,0.539,257,0.401,9.6,5.8,12.8,1.9,11.1,0.7,0.71,1.06,8.2,77
34,Antonio Blakeney,Chi,G,22.52,57,14.5,30.3,24.5,76,0.658,305,0.426,91,0.396,7.3,1.9,6.9,0.7,8.2,0.21,0.16,0.61,5.9,72
35,Eric Bledsoe,Mil,G,29.34,78,29.1,60.7,22.9,236,0.75,595,0.582,377,0.329,15.9,4.6,8.1,5.5,27.4,1.51,0.37,2.12,10.1,85
36,Bojan Bogdanovic,Ind,F,29.98,81,31.8,66.2,22.4,305,0.807,664,0.539,386,0.425,18,4.1,7.2,2,9.5,0.86,0.01,1.67,6.6,83
37,Bogdan Bogdanovic,Sac,G,26.64,70,27.8,58,22.3,162,0.827,491,0.462,372,0.36,14.1,3.5,6.4,3.8,19.3,1.03,0.21,1.67,8.2,78
38,Jonah Bolden,Phi,F,23.27,44,14.5,30.2,13.8,27,0.481,66,0.697,96,0.354,4.7,3.8,13.7,0.9,8.5,0.39,0.89,0.82,7,73
39,Isaac Bonga,Lal,G,19.42,22,5.5,11.4,15.7,15,0.6,25,0.2,8,0,0.9,1.1,10.8,0.7,14.9,0.41,0.18,0.27,6.4,68
40,Devin Booker,Pho,G,22.44,64,35,73,32.9,454,0.866,841,0.536,414,0.326,26.6,4.1,6.5,6.8,34.1,0.88,0.2,4.13,10.3,86
41,Chris Boucher,Tor,F,26.25,28,5.8,12.1,23.6,15,0.867,39,0.564,37,0.324,3.3,2,18.5,0.1,1.9,0.21,0.86,0.25,6,71
42,Avery Bradley,Lac,G,28.37,49,29.9,62.2,14.2,25,0.8,248,0.415,172,0.337,8.2,2.7,4.7,2,8.8,0.55,0.33,1.24,4.7,76
43,Avery Bradley,Mem,G,28.37,14,31.6,65.8,23,25,0.92,115,0.513,73,0.384,16.1,3.2,5.7,4,21.6,1,0,2.07,7.5,76
44,Tony Bradley,Uta,C,21.17,3,12,24.9,23.7,2,0.5,16,0.5,0,0,5.7,5,22.6,0.3,4.5,0.67,0.67,1,6.8,70
45,Miles Bridges,Cha,F,21.06,80,21.2,44.2,15.1,77,0.753,311,0.553,200,0.325,7.5,4.1,10.3,1.2,8.1,0.68,0.61,0.64,6.3,76
46,Mikal Bridges,Pho,F,22.61,82,29.5,61.4,12.2,118,0.805,250,0.548,313,0.335,8.3,3.2,6.1,2.1,9.8,1.55,0.46,0.85,5.2,75
47,Ryan Broekhoff,Dal,G-F,28.63,42,10.8,22.5,14.3,19,0.789,33,0.576,94,0.404,4,1.5,7.4,0.5,7.1,0.14,0.1,0.38,5.3,72
48,Malcolm Brogdon,Mil,G,26.33,64,28.6,59.6,20.7,152,0.928,503,0.545,244,0.426,15.6,4.5,8,3.2,16.2,0.72,0.19,1.44,8.5,83
49,Dillon Brooks,Mem,G-F,23.22,18,18.3,38.2,20.9,30,0.733,82,0.415,40,0.375,7.5,1.7,5.3,0.9,7.6,0.56,0.22,1.06,4.9,74
50,Bruce Brown,Det,G,22.65,74,19.6,40.8,11.5,60,0.75,222,0.455,93,0.258,4.3,2.5,7,1.2,8.8,0.54,0.49,0.62,4.8,73
51,Jaylen Brown,Bos,F,22.46,74,25.9,53.9,22.1,202,0.658,516,0.529,276,0.344,13,4.2,8.7,1.4,7.7,0.95,0.43,1.34,6.6,79
52,Sterling Brown,Mil,G,24.16,58,17.8,37.2,15.2,42,0.69,165,0.558,147,0.361,6.4,3.2,9,1.4,10.7,0.43,0.14,0.78,6.9,73
53,Jalen Brunson,Dal,G,22.61,73,21.8,45.4,19.1,120,0.725,384,0.523,181,0.348,9.3,2.3,5.7,3.2,22.6,0.51,0.05,1.21,7.5,76
54,Thomas Bryant,Was,C,21.7,72,20.8,43.3,17.7,137,0.781,404,0.683,99,0.333,10.5,6.3,16.5,1.3,9.3,0.35,0.93,0.83,8.5,78
55,Reggie Bullock,Det,F,28.07,44,30.8,64.1,16.7,64,0.875,147,0.463,294,0.388,12.1,2.8,5,2.5,12.1,0.55,0.11,1.23,5.7,74
56,Reggie Bullock,Lal,G-F,28.07,19,27.6,57.5,13.7,21,0.81,54,0.537,99,0.343,9.3,2.6,4.9,1.1,5,0.84,0.37,0.58,4.3,74
57,Alec Burks,Uta,G,27.73,17,15.8,33,23.1,38,0.868,71,0.437,43,0.372,8.4,1.6,5.6,1.2,11.2,0.35,0.24,0.88,6.4,73
58,Alec Burks,Cle,G,27.73,34,28.8,60,19.2,98,0.806,221,0.412,119,0.378,11.6,5.5,10.5,2.9,15,0.74,0.47,1.35,7.9,73
59,Alec Burks,Sac,G,27.73,13,9.7,20.3,8.6,5,0.8,14,0.643,6,0,1.7,1.7,9,0.8,9.6,0.62,0.08,0.31,5.5,73
60,Deonte Burton,Okc,G,25.19,32,7.5,15.6,16.3,12,0.667,55,0.455,27,0.296,2.6,0.9,6,0.3,5,0.19,0.25,0.28,4.7,70
61,Jimmy Butler,Min,G-F,29.57,10,36.1,75.3,23,61,0.787,112,0.509,45,0.378,21.3,5.2,7.7,4.3,18.2,2.4,1,1.4,8.7,88
62,Jimmy Butler,Phi,G-F,29.57,55,33.2,69.1,22.1,304,0.868,600,0.49,147,0.34,18.2,5.3,8.4,4,18,1.8,0.53,1.45,8.8,88
63,Kentavious Caldwell-Pope,Lal,G,26.14,82,24.8,51.7,18.2,158,0.867,321,0.542,436,0.346,11.4,2.9,6,1.3,7.5,0.89,0.16,0.79,5.6,76
64,Clint Capela,Hou,C,24.9,67,33.6,69.9,18.1,261,0.636,732,0.648,0,0,16.6,12.6,20.8,1.4,7.1,0.66,1.52,1.39,7.9,85
65,DeMarre Carroll,Bro,F,32.71,67,25.4,53,18.6,242,0.76,264,0.458,311,0.341,11.1,5.2,10.7,1.3,7.2,0.45,0.15,1.09,6.6,77
66,Jevon Carter,Mem,G,23.57,39,14.8,30.8,18,32,0.813,83,0.265,102,0.333,4.4,1.7,6.4,1.8,17.5,0.67,0.26,0.85,6.4,71
67,Michael Carter-Williams,Hou,G,27.5,16,9,18.8,24.7,26,0.462,42,0.429,19,0.368,4.3,0.8,5,1.3,22.7,0.56,0.38,0.63,7.3,72
68,Michael Carter-Williams,Orl,G,27.5,12,18.9,39.4,16.1,27,0.741,43,0.419,19,0.158,5.4,4.8,13.4,4.1,28.9,0.92,0.83,0.83,10,72
69,Alex Caruso,Lal,G,25.12,25,21.2,44.3,19,64,0.797,123,0.431,50,0.48,9.2,2.7,6.5,3.1,19.7,0.96,0.36,1.68,8,73
70,Willie Cauley-Stein,Sac,C,25.65,81,27.3,56.9,17.5,254,0.551,739,0.556,2,0.5,11.9,8.4,15.8,2.4,12.3,1.19,0.63,1.04,9.1,79
71,Tyson Chandler,Pho,C,36.52,7,12.7,26.5,13,18,0.556,12,0.667,0,0,3.7,5.6,24.3,0.9,9.1,0.29,0.14,1,8.4,73
72,Tyson Chandler,Lal,C,36.52,48,16.4,34.1,8,69,0.594,86,0.616,1,0,3.1,5.6,17.7,0.6,4.8,0.4,0.5,0.73,5.3,73
73,Wilson Chandler,Phi,F,31.92,36,26.4,55,11.2,18,0.722,89,0.506,118,0.39,6.7,4.6,9.3,2,9.9,0.61,0.5,1.08,6,75
74,Wilson Chandler,Lac,F,31.92,15,15,31.3,14.2,7,0.714,26,0.385,40,0.325,4.3,3.1,11,0.7,5.9,0.2,0.2,0.47,5.6,75
75,Gary Clark,Hou,F,24.4,51,12.6,26.2,10.9,7,1,13,0.692,138,0.297,2.9,2.3,10,0.4,3.8,0.39,0.53,0.14,4.4,69
76,Jordan Clarkson,Cle,G,26.84,81,27.3,57,27.6,192,0.844,735,0.524,445,0.324,16.8,3.3,6.8,2.4,15.6,0.69,0.17,1.67,7.5,78
77,John Collins,Atl,F-C,21.55,61,30,62.4,23.7,265,0.766,673,0.609,158,0.348,19.5,9.8,17.1,2,10.9,0.36,0.64,1.95,9.7,84
78,Zach Collins,Por,F-C,21.39,77,17.6,36.7,16.6,126,0.746,279,0.534,121,0.331,6.6,4.2,12.7,0.9,7.1,0.32,0.86,0.99,6.6,74
79,Mike Conley,Mem,G,31.5,70,33.5,69.7,27.3,406,0.845,694,0.483,426,0.364,21.1,3.4,5.7,6.4,33.4,1.34,0.31,1.86,9.2,87
80,Pat Connaughton,Mil,G,26.26,61,20.7,43.1,13.3,40,0.725,150,0.647,200,0.33,6.9,4.2,10.4,2,12.6,0.54,0.43,0.54,7.5,74
81,Quinn Cook,Gol,G,26.05,74,14.3,29.8,20.2,26,0.769,239,0.515,200,0.405,6.9,2.1,7.9,1.5,15,0.27,0.04,0.68,7.8,74
82,DeMarcus Cousins,Gol,C,28.66,30,25.7,53.5,28.1,144,0.736,276,0.551,95,0.274,16.3,8.2,17.1,3.6,20.4,1.33,1.47,2.4,12.2,86
83,Robert Covington,Phi,F,28.32,13,33.8,70.5,14.2,23,0.739,40,0.5,77,0.39,11.3,5.2,8.1,1.1,4.3,1.85,1.77,1.69,4.7,80
84,Robert Covington,Min,F,28.32,22,34.7,72.2,16.5,66,0.773,97,0.526,148,0.372,14.5,5.7,8.8,1.5,5.8,2.27,1.05,1.14,5.7,80
85,Allen Crabbe,Bro,G-F,27,43,26.4,54.9,16.4,56,0.732,113,0.345,259,0.378,9.6,3.4,6.9,1.1,5.8,0.53,0.3,1.07,5,73
86,Torrey Craig,Den,F,28.31,75,20,41.8,12.4,70,0.7,174,0.569,188,0.324,5.7,3.5,9.5,1,6.3,0.49,0.61,0.57,5.4,74
87,Jae Crowder,Uta,F,28.77,80,27.1,56.4,19.1,197,0.721,276,0.525,522,0.331,11.9,4.8,9.6,1.7,8.9,0.8,0.39,1.06,6.8,76
88,Seth Curry,Por,G,28.63,74,18.9,39.4,16.6,52,0.846,214,0.463,251,0.45,7.9,1.6,4.6,0.9,6.5,0.47,0.16,0.82,4.8,74
89,Stephen Curry,Gol,G,31.07,69,33.8,70.4,30.4,287,0.916,530,0.525,810,0.437,27.3,5.3,8.4,5.2,24.2,1.33,0.38,2.78,10.8,95
90,Troy Daniels,Pho,G,27.74,51,14.9,31,17.6,23,0.783,81,0.481,194,0.381,6.2,1.4,5.3,0.5,5,0.51,0.1,0.53,4.4,72
91,Anthony Davis,Nor,F-C,26.09,56,33,68.8,29.5,433,0.794,881,0.547,145,0.331,25.9,12,18.9,3.9,19,1.57,2.41,2.02,12.9,94
92,Deyonta Davis,Atl,C-F,22.35,9,13.2,27.4,10.1,10,0.6,21,0.714,1,0,4,3.9,15.5,0.6,5.8,0.33,0.56,0.33,6.4,71
93,Ed Davis,Bro,C,29.85,81,17.9,37.2,12.7,162,0.617,300,0.62,2,0,5.8,8.6,25.2,0.8,6,0.43,0.41,0.8,7.6,77
94,Dewayne Dedmon,Atl,C,29.66,64,25.1,52.4,16.7,113,0.814,309,0.57,217,0.382,10.8,7.5,15.7,1.4,8.1,1.08,1.13,1.31,7.7,76
95,Matthew Dellavedova,Mil,G,28.59,12,8.1,16.9,13.7,4,1,8,0.25,11,0.364,1.7,0.8,5.2,2.4,35.6,0.17,0,0.92,7.3,73
96,Matthew Dellavedova,Cle,G,28.59,36,19.9,41.4,18.4,48,0.792,104,0.5,119,0.336,7.3,1.9,5.2,4.2,31.3,0.33,0.06,1.58,7.8,73
97,DeMar DeRozan,San,G,29.68,77,34.9,72.7,27.9,439,0.831,1268,0.492,45,0.156,21.2,6,9.4,6.2,27.6,1.12,0.47,2.57,10.6,87
98,Cheick Diallo,Nor,F,22.57,64,14,29.2,16,67,0.746,267,0.625,4,0.25,6,5.2,19.2,0.5,5.1,0.45,0.52,0.77,7.1,74
99,Hamidou Diallo,Okc,G,20.7,51,10.3,21.5,16.6,59,0.61,141,0.504,24,0.167,3.7,1.9,9.5,0.3,4.4,0.41,0.2,0.45,5,70
100,Gorgui Dieng,Min,C,29.23,76,13.6,28.3,19.6,106,0.83,321,0.53,56,0.339,6.4,4.1,16.1,0.9,10.3,0.62,0.54,0.75,8.4,76
101,Spencer Dinwiddie,Bro,G,26.01,68,28.1,58.6,24.9,356,0.806,458,0.528,370,0.335,16.8,2.4,4.6,4.6,25.6,0.59,0.25,2.22,8.1,82
102,Donte DiVincenzo,Mil,G,22.19,27,15.2,31.7,15.1,12,0.75,41,0.683,83,0.265,4.9,2.4,8,1.1,9.7,0.48,0.22,0.7,6.2,72
103,Luka Doncic,Dal,G-F,20.12,72,32.2,67.1,30.5,485,0.713,672,0.503,515,0.326,21.2,7.8,13,6,31.6,1.08,0.35,3.42,12.4,87
104,Damyean Dotson,Nyk,G,24.93,73,27.4,57.2,17.3,98,0.745,356,0.461,342,0.368,10.7,3.6,6.8,1.8,10.4,0.79,0.14,0.97,6,75
105,Goran Dragic,Mia,G,32.93,36,27.5,57.3,23.7,101,0.782,269,0.454,163,0.35,13.7,3.1,6,4.8,27.3,0.83,0.14,1.97,8.6,79
106,Andre Drummond,Det,C,25.67,79,33.5,69.8,23,412,0.59,1016,0.547,38,0.132,17.3,15.6,25.5,1.4,7.2,1.73,1.76,2.22,8.6,86
107,Jared Dudley,Bro,F,33.75,59,20.7,43.1,10.4,46,0.696,88,0.545,151,0.351,4.9,2.6,6.7,1.4,9.2,0.61,0.27,0.73,5,72
108,Kris Dunn,Chi,G,25.07,46,30.2,62.9,20.1,69,0.797,410,0.441,96,0.354,11.3,4.1,7.3,6,30,1.48,0.46,2.26,8.6,75
109,Kevin Durant,Gol,F,30.53,78,34.6,72.2,29,506,0.885,995,0.587,388,0.353,26,6.4,9.8,5.9,26.2,0.76,1.08,2.87,11.5,96
110,Henry Ellenson,Det,F,22.24,2,12.4,25.8,18.9,2,1,6,0.333,4,0.5,6,4.5,19.8,0.5,6.3,0,0,0,7.7,69
111,Henry Ellenson,Nyk,F,22.24,17,13.8,28.7,19,23,0.739,51,0.392,34,0.441,6,3.4,12.7,0.9,10,0.41,0.12,0.53,7.6,69
112,Wayne Ellington,Mia,G,31.37,25,21.3,44.4,16.5,16,0.875,29,0.414,155,0.368,8.4,1.9,4.7,1.2,7.8,0.96,0.12,0.56,5,75
113,Wayne Ellington,Det,G,31.37,28,27.3,56.9,17.7,33,0.758,56,0.607,217,0.373,12,2.1,4.3,1.5,8.6,1.07,0.11,0.93,4.9,75
114,Joel Embiid,Phi,F-C,25.07,64,33.7,70.1,33.3,649,0.804,936,0.535,263,0.3,27.5,13.6,21.4,3.7,18.4,0.72,1.91,3.55,13.2,91
115,Jacob Evans,Gol,G,21.81,30,6.8,14.1,13.5,1,0,38,0.368,15,0.267,1.3,0.8,6.6,0.8,13.7,0.17,0.1,0.37,5.5,71
116,Derrick Favors,Uta,F-C,27.74,76,23.2,48.4,19.4,228,0.675,541,0.64,78,0.218,11.8,7.4,17.2,1.2,8,0.74,1.39,1.11,8.1,80
117,Cristiano Felicio,Chi,F-C,26.76,60,12.4,25.9,14.3,73,0.685,175,0.543,4,0,4,3.7,15.9,0.6,7.2,0.18,0.12,0.57,6.7,72
118,Terrance Ferguson,Okc,G,20.9,74,26.1,54.4,10.6,51,0.725,141,0.56,290,0.366,6.9,1.9,3.8,1,4.8,0.54,0.22,0.65,3.6,71
119,Yogi Ferrell,Sac,G,25.92,71,15,31.3,16.2,67,0.896,202,0.49,149,0.362,5.9,1.5,5.2,1.9,17,0.51,0.06,0.55,6.8,74
120,Dorian Finney-Smith,Dal,F,25.94,81,24.5,51.1,14,103,0.709,274,0.544,254,0.311,7.5,4.8,10.5,1.2,6.9,0.86,0.46,0.91,5.7,73
121,Bryn Forbes,San,G,25.72,82,28,58.2,17.4,78,0.885,379,0.488,413,0.426,11.8,2.9,5.7,2.1,10.6,0.55,0.05,0.98,5.9,75
122,Evan Fournier,Orl,G-F,26.45,81,31.5,65.7,22.1,170,0.806,619,0.509,450,0.34,15.1,3.2,5.4,3.6,17.6,0.89,0.15,1.9,7.1,78
123,De'Aaron Fox,Sac,G,21.31,81,31.4,65.5,24.5,417,0.727,870,0.482,232,0.371,17.3,3.8,6.2,7.3,33.2,1.64,0.56,2.8,10,86
124,Tim Frazier,Nor,G,28.44,47,19.3,40.3,12.3,41,0.78,118,0.517,77,0.351,5,2.9,7.8,4.4,28,0.53,0.09,1.26,8.3,72
125,Tim Frazier,Mil,G,28.44,12,17.6,36.6,17.4,13,0.692,42,0.429,24,0.417,6.3,2.6,7.5,3.5,26,0.42,0.08,1.33,8.8,72
126,Markelle Fultz,Phi,G,20.87,19,22.5,46.8,19.3,37,0.568,141,0.433,14,0.286,8.2,3.6,8.6,3.1,19.5,0.95,0.26,1.32,8,74
127,Danilo Gallinari,Lac,F,30.67,68,30.3,63.1,23.8,406,0.904,511,0.485,373,0.432,19.8,6.1,10.8,2.6,13.2,0.72,0.34,1.44,9,83
128,Langston Galloway,Det,G,27.34,80,21.8,45.5,16.1,96,0.844,206,0.451,381,0.354,8.4,2.1,5.3,1.1,7.3,0.46,0.1,0.3,4.9,72
129,Marc Gasol,Mem,C,34.2,53,33.7,70.3,22.2,201,0.756,462,0.491,221,0.344,15.7,8.6,14.3,4.7,22.6,1.13,1.21,2.25,10.2,82
130,Marc Gasol,Tor,C,34.2,26,24.9,51.9,16.3,52,0.769,135,0.474,52,0.442,9.1,6.7,14.4,3.9,21.2,0.92,0.88,1.38,10,82
131,Pau Gasol,San,C-F,38.76,27,12.2,25.5,15.8,38,0.711,78,0.462,10,0.5,4.2,4.7,21,1.9,20.2,0.19,0.52,0.52,11,75
132,Pau Gasol,Mil,C-F,38.76,3,10.1,21.1,12.2,2,0.5,3,0,3,0.333,1.3,3.3,16.7,0.7,7.6,0,0.33,0.67,5.7,75
133,Rudy Gay,San,F,32.65,69,26.7,55.6,22.1,147,0.816,562,0.537,184,0.402,13.7,6.8,13.9,2.6,14.7,0.78,0.49,1.64,9.3,81
134,Paul George,Okc,F,28.94,77,36.9,76.9,29.5,539,0.84,856,0.485,757,0.386,28,8.1,11.4,4.1,17.7,2.21,0.44,2.66,10.6,93
135,Taj Gibson,Min,F,33.8,70,24.1,50.2,17.1,177,0.757,503,0.583,34,0.324,10.8,6.5,14.5,1.2,7.3,0.76,0.56,1.04,7.3,77
136,Shai Gilgeous-Alexander,Lac,G,20.75,82,26.5,55.2,18.3,195,0.8,577,0.503,139,0.367,10.8,2.8,5.6,3.3,17.8,1.18,0.55,1.72,7,79
137,Rudy Gobert,Uta,C,26.79,81,31.8,66.3,17.8,522,0.636,712,0.669,0,0,15.9,12.8,21.8,2,9.6,0.81,2.3,1.6,9.3,88
138,Brandon Goodwin,Den,G,23.52,16,3.6,7.4,23.1,11,0.818,17,0.235,6,0.333,1.4,0.2,2.8,0.9,32,0,0,0.19,7,68
139,Aaron Gordon,Orl,F,23.57,78,33.8,70.3,21.8,253,0.731,699,0.499,347,0.349,16,7.3,11.7,3.7,16.6,0.73,0.72,2.08,8.9,81
140,Eric Gordon,Hou,G,30.29,68,31.7,66.1,22,152,0.783,338,0.497,600,0.36,16.2,2.2,3.8,1.9,9.4,0.6,0.4,1.32,5.1,78
141,Treveon Graham,Bro,F,25.45,35,20.4,42.6,12.8,22,0.818,63,0.413,128,0.297,5.3,3,7.8,1,6.5,0.37,0.2,0.49,4.9,71
142,Jerami Grant,Okc,F,25.08,80,32.7,68,15.4,221,0.71,530,0.555,293,0.392,13.6,5.2,8.2,1,4.2,0.76,1.25,0.84,5.1,77
143,Danny Green,Tor,G-F,31.8,80,27.7,57.7,14,44,0.841,195,0.487,434,0.456,10.3,4,7.7,1.6,7.7,0.91,0.66,0.94,5.8,77
144,Draymond Green,Gol,F,29.1,66,31.3,65.2,13.1,91,0.692,257,0.549,165,0.285,7.4,7.3,12.4,6.9,26.8,1.44,1.08,2.56,9.2,86
145,Gerald Green,Hou,G-F,33.21,73,20.2,42,19.5,68,0.838,137,0.547,441,0.354,9.2,2.5,6.8,0.5,4.1,0.45,0.37,0.74,4.5,76
146,JaMychal Green,Mem,F,28.81,41,21.9,45.7,20.4,80,0.788,216,0.523,96,0.396,9.8,6.1,15.7,0.9,6.5,0.8,0.63,1.56,6.9,78
147,JaMychal Green,Lac,F,28.81,24,19.6,40.9,17.6,21,0.81,84,0.548,80,0.413,8.7,6.6,17.8,0.6,4.3,0.46,0.33,0.96,6.6,78
148,Jeff Green,Was,F,32.62,77,27.2,56.7,17.8,206,0.888,367,0.586,320,0.347,12.3,4,8,1.8,9.2,0.56,0.52,1.31,6.6,76
149,Blake Griffin,Det,F,30.07,75,35,72.8,30.2,550,0.753,819,0.525,522,0.362,24.5,7.5,11.8,5.4,27.1,0.69,0.37,3.37,11.4,88
150,James Harden,Hou,G,29.63,78,36.8,76.6,40.5,858,0.879,881,0.528,1028,0.368,36.1,6.6,10,7.5,39.5,2.05,0.73,4.96,13.2,96
151,Montrezl Harrell,Lac,F-C,25.21,82,26.3,54.8,23.5,414,0.643,871,0.623,17,0.176,16.6,6.5,13.2,2,12.5,0.85,1.34,1.61,9.1,83
152,Gary Harris,Den,G,24.57,57,28.8,59.9,20,144,0.799,394,0.477,242,0.339,12.9,2.8,5.2,2.2,11,0.96,0.33,1.18,6,79
153,Joe Harris,Bro,G-F,27.59,76,30.2,62.9,17,133,0.827,363,0.526,386,0.474,13.7,3.9,6.7,2.4,11.9,0.49,0.22,1.59,6.7,78
154,Shaquille Harrison,Chi,G,25.51,73,19.6,40.8,16.5,123,0.667,337,0.475,89,0.27,6.5,3,8.4,1.9,14.1,1.22,0.41,0.82,6.8,73
155,Tobias Harris,Lac,F,26.74,55,34.6,72.1,23.5,219,0.877,596,0.523,258,0.434,20.9,7.8,12,2.7,12.5,0.73,0.44,1.98,8.8,85
156,Tobias Harris,Phi,F,26.74,27,35,72.9,21.3,88,0.841,264,0.542,135,0.326,18.2,7.9,11.9,2.9,12.6,0.41,0.48,1.56,8.5,85
157,Isaiah Hartenstein,Hou,F-C,20.93,28,7.9,16.5,11.8,14,0.786,35,0.514,6,0.333,1.9,1.7,11.7,0.5,9.4,0.25,0.43,0.46,5.9,68
158,Josh Hart,Lal,G,24.1,67,25.6,53.3,13.5,80,0.688,190,0.511,274,0.336,7.8,3.7,7.4,1.4,6.9,0.96,0.6,0.87,5.4,75
159,Gordon Hayward,Bos,F,29.05,72,25.9,53.9,19,187,0.834,404,0.542,231,0.333,11.5,4.5,9.3,3.4,18.4,0.82,0.32,1.46,8.7,80
160,John Henson,Mil,F,28.29,14,13.5,28,18.5,10,0.6,36,0.556,31,0.355,5.6,5.1,19.1,1,10.1,0.5,0.79,0.86,9.1,75
161,Willy Hernangomez,Cha,C,24.87,58,14,29.2,22.2,144,0.694,257,0.537,39,0.385,7.3,5.4,20.7,1,11.5,0.28,0.36,1,9.7,76
162,Mario Hezonja,Nyk,F,24.12,58,20.8,43.3,21.3,114,0.763,312,0.478,152,0.276,8.8,4.1,10.4,1.5,11.5,0.98,0.14,1.52,7.3,75
163,Buddy Hield,Sac,G,25.32,82,31.9,66.4,25.2,193,0.886,709,0.487,651,0.427,20.7,5,8.1,2.5,11.9,0.71,0.39,1.79,8,84
164,George Hill,Cle,G,32.94,13,26.5,55.2,17.2,20,0.85,79,0.532,28,0.464,10.8,2.1,4.4,2.8,16.2,0.92,0.08,1.54,6,75
165,George Hill,Mil,G,32.94,47,20.4,42.5,14.4,65,0.815,144,0.556,125,0.28,6.8,2.6,6.5,2.1,13.3,0.83,0.15,0.66,6.5,75
166,Solomon Hill,Nor,F,28.07,44,20,41.6,10.4,32,0.719,77,0.468,101,0.317,4.3,3,7.9,1.3,7.6,0.52,0.23,0.7,5.1,70
167,Aaron Holiday,Ind,G,22.53,50,12.9,26.9,21.9,50,0.82,135,0.459,127,0.339,5.9,1.3,5.7,1.7,19.3,0.4,0.26,0.8,7.3,73
168,Jrue Holiday,Nor,G,28.83,67,35.8,74.7,25.5,271,0.768,796,0.539,363,0.325,21.2,5,7.2,7.7,31.8,1.64,0.81,3.16,10.4,86
169,Justin Holiday,Chi,G,30.02,38,34.9,72.6,15.2,46,0.891,124,0.435,270,0.359,11.6,4.4,6.9,2.2,9.1,1.74,0.58,1.24,5.5,72
170,Justin Holiday,Mem,F-G,30.02,44,29.1,60.7,16.3,60,0.9,188,0.447,195,0.333,9.5,3.5,6.7,1.4,7.1,1.23,0.34,1.3,4.9,72
171,Rondae Hollis-Jefferson,Bro,F,24.27,59,20.9,43.6,21.6,183,0.645,438,0.436,49,0.184,8.9,5.3,13.2,1.6,11.7,0.75,0.46,1.15,8.1,75
172,Richaun Holmes,Pho,F-C,25.49,70,16.9,35.2,17.9,175,0.731,365,0.608,0,0,8.2,4.7,15.5,0.9,7.9,0.6,1.13,0.74,7.7,75
173,Rodney Hood,Cle,G,26.47,45,27.4,57.1,19.1,114,0.912,302,0.46,152,0.362,12.2,2.5,5,2,11.5,0.84,0.11,0.8,5.7,76
174,Rodney Hood,Por,G,26.47,27,24.4,50.8,16.3,41,0.805,133,0.519,84,0.345,9.6,1.6,3.6,1.3,7.1,0.81,0.22,0.7,4.4,76
175,Al Horford,Bos,F-C,32.86,68,29,60.4,19,97,0.825,520,0.604,203,0.36,13.6,6.7,12.4,4.1,21.1,0.85,1.26,1.5,9.9,85
176,Kevin Huerter,Atl,G,20.62,75,27.3,56.9,15.7,56,0.732,304,0.457,354,0.384,9.7,3.3,6.3,2.9,14.5,0.88,0.33,1.45,6.6,76
177,Chandler Hutchison,Chi,F,22.96,44,20.3,42.4,12.2,38,0.605,159,0.516,50,0.28,5.2,4.2,11.2,0.8,5.3,0.52,0.14,0.57,5.1,72
178,Serge Ibaka,Tor,F-C,29.56,74,27.2,56.6,22.8,177,0.763,708,0.586,169,0.29,15,8.1,16.1,1.3,7.7,0.39,1.38,1.53,7.9,81
179,Andre Iguodala,Gol,G-F,35.2,68,23.2,48.3,10.4,67,0.582,158,0.652,144,0.333,5.7,3.7,8.5,3.2,16.8,0.9,0.75,0.76,7,78
180,Ersan Ilyasova,Mil,F,31.91,67,18.4,38.3,15.7,74,0.824,221,0.493,160,0.363,6.8,4.5,12.4,0.8,5.5,0.48,0.3,0.7,6.3,76
181,Joe Ingles,Uta,F,31.52,82,31.3,65.2,17.5,123,0.707,319,0.533,483,0.391,12.1,4,7,5.7,26.1,1.18,0.24,2.35,8.3,79
182,Brandon Ingram,Lal,F,21.61,52,33.9,70.5,23.2,289,0.675,634,0.522,94,0.33,18.3,5.2,7.9,3,12.9,0.54,0.6,2.5,7.8,81
183,Kyrie Irving,Bos,G,27.05,67,33,68.8,29.6,245,0.873,807,0.533,434,0.401,23.8,5,8.1,6.9,35,1.55,0.51,2.57,11.4,91
184,Jonathan Isaac,Orl,F,21.52,75,26.6,55.5,16.3,135,0.815,345,0.51,266,0.323,9.6,5.5,11,1.1,5.7,0.79,1.29,1.01,5.8,76
185,Frank Jackson,Nor,G,20.94,61,19.2,39.9,18.5,73,0.74,278,0.507,170,0.312,8.1,2.2,5.9,1.1,8,0.41,0.03,0.77,5.6,71
186,Josh Jackson,Pho,F,22.16,79,25.2,52.4,23.9,213,0.671,616,0.445,225,0.324,11.5,4.4,9.7,2.3,14.1,0.92,0.71,2.19,7.7,76
187,Justin Jackson,Sac,F,24.04,52,20.8,43.4,12.9,50,0.82,136,0.515,159,0.346,6.7,2.8,7,1.3,8,0.44,0.25,0.42,5.6,74
188,Justin Jackson,Dal,F,24.04,29,18.3,38.1,17,29,0.724,104,0.577,86,0.372,8.2,2.3,6.7,1,8.4,0.31,0.03,0.24,5.8,74
189,Reggie Jackson,Det,G,28.99,82,27.9,58.2,24.5,236,0.864,576,0.464,471,0.369,15.4,2.6,5.1,4.2,24.7,0.66,0.11,1.8,7.9,80
190,LeBron James,Lal,F,34.28,55,35.2,73.4,31.6,418,0.665,768,0.582,327,0.339,27.4,8.4,12.3,8.3,39.4,1.31,0.6,3.58,14.1,97
191,Amile Jefferson,Orl,F,25.93,12,5.7,11.9,13.1,8,0.875,16,0.625,0,0,2.3,1.8,16.5,0.3,6.3,0.25,0.25,0.08,7.5,69
192,Alize Johnson,Ind,F,22.97,14,4.6,9.6,13.2,8,0.5,14,0.214,2,0.5,0.9,1.4,16.3,0.1,1.9,0.07,0.21,0,4.4,70
193,James Johnson,Mia,F,32.14,55,21.2,44.1,17.8,70,0.714,230,0.496,149,0.336,7.8,3.2,8,2.5,17,0.64,0.49,1.35,7.5,75
194,Stanley Johnson,Det,F,22.87,48,20,41.7,19.1,51,0.804,168,0.488,181,0.282,7.5,3.6,9.9,1.3,9.4,1,0.27,1.15,6.5,73
195,Stanley Johnson,Nor,F,22.87,18,13.7,28.6,20.4,13,0.692,57,0.474,34,0.324,5.3,2.3,8.8,1.6,15.1,0.67,0.06,1.44,7.9,73
196,Tyler Johnson,Mia,G,26.93,44,25.5,53.2,19.2,88,0.693,197,0.503,204,0.353,10.8,2.7,5.6,2.5,14.8,0.91,0.48,1.43,6.6,74
197,Tyler Johnson,Pho,G,26.93,13,31.2,65,16.5,39,0.872,69,0.406,56,0.321,11.1,4,7.1,4.2,18.6,1.08,0.46,1.08,7.3,74
198,Nikola Jokic,Den,C,24.14,80,31.3,65.2,27.4,352,0.821,936,0.569,270,0.307,20.1,10.8,18.7,7.3,37.1,1.35,0.69,3.1,14.9,90
199,Jemerrio Jones,Lal,F,24.01,6,23.9,49.7,11.3,2,0.5,23,0.435,10,0.2,4.5,8.2,17.7,2.2,11.4,1.17,1,0.83,7.2,70
200,Tyus Jones,Min,G,22.92,68,22.9,47.8,14.1,69,0.841,320,0.453,126,0.317,6.9,2,4.6,4.8,28.2,1.19,0.07,0.69,7.1,73
201,DeAndre Jordan,Dal,C,30.72,50,31.1,64.8,14.4,198,0.682,323,0.644,0,0,11,13.7,23.6,2,9.5,0.64,1.06,2.22,8.6,81
202,DeAndre Jordan,Nyk,C,30.72,19,26,54.1,16.8,66,0.773,123,0.634,0,0,10.9,11.3,22.8,3,18.2,0.47,1.05,2.21,11,81
203,Cory Joseph,Ind,G,27.64,82,25.2,52.4,13.7,43,0.698,377,0.454,171,0.322,6.5,3.4,7.5,3.9,20.7,1.13,0.27,0.98,7,74
204,Frank Kaminsky,Cha,F-C,26.02,47,16.1,33.5,22.1,107,0.738,160,0.55,139,0.36,8.6,3.5,11.7,1.3,12.9,0.26,0.28,0.87,8.4,76
205,Enes Kanter,Nyk,C,26.89,44,25.6,53.4,22.9,129,0.814,446,0.547,22,0.318,14,10.5,21.4,1.9,13.1,0.41,0.41,1.8,10.2,80
206,Enes Kanter,Por,C,26.89,23,22.2,46.3,23.4,68,0.735,203,0.596,12,0.25,13.1,8.6,20.6,1.4,9.9,0.61,0.39,1.7,9.7,80
207,Luke Kennard,Det,G,22.8,63,22.8,47.5,18.1,61,0.836,251,0.486,269,0.394,9.7,2.9,7,1.8,12.3,0.41,0.14,0.9,6.5,75
208,Michael Kidd-Gilchrist,Cha,F,25.54,64,18.4,38.4,15.7,123,0.772,285,0.498,47,0.34,6.7,3.8,11.3,1,7.4,0.5,0.61,0.67,6.4,76
209,Maxi Kleber,Dal,F,27.2,71,21.2,44.1,13.5,74,0.784,168,0.583,218,0.353,6.8,4.6,11.7,1,6.8,0.51,1.11,0.76,5.9,74
210,Brandon Knight,Hou,G,27.36,12,9.8,20.5,20.9,11,0.818,15,0.4,32,0.156,3,0.8,4.2,0.8,10.6,0.17,0,0.42,5.1,72
211,Brandon Knight,Cle,G,27.36,27,22.9,47.7,17.5,23,0.783,116,0.448,97,0.371,8.5,1.9,4.5,2.3,15.1,0.7,0.07,0.93,5.8,72
212,Kevin Knox,Nyk,F,19.67,75,28.8,59.9,22.4,226,0.717,551,0.387,364,0.343,12.8,4.5,8.2,1.1,6,0.56,0.32,1.53,5.5,76
213,Furkan Korkmaz,Phi,G-F,21.72,48,14.2,29.5,17.9,44,0.818,101,0.505,144,0.326,5.8,2.3,8.4,1.1,10.7,0.6,0.04,0.52,6.9,73
214,Luke Kornet,Nyk,F-C,23.74,46,17,35.5,17.9,46,0.826,90,0.411,193,0.363,7,2.9,9,1.2,10.5,0.59,0.91,0.54,6.8,71
215,Kyle Korver,Cle,G-F,38.07,16,15.7,32.7,17.4,16,0.813,22,0.455,54,0.463,6.8,1.8,6.4,1.1,10.1,0.19,0.13,1.06,6.1,75
216,Kyle Korver,Uta,G-F,38.07,54,20,41.8,18.7,57,0.825,113,0.469,294,0.384,9.1,2.5,6.7,1.2,8.6,0.41,0.19,0.78,6,75
217,Rodions Kurucs,Bro,F,21.18,63,20.5,42.8,18.4,92,0.783,265,0.543,184,0.315,8.5,3.9,10,0.8,6,0.67,0.43,1.22,5.8,75
218,Kyle Kuzma,Lal,F,23.72,70,33.1,68.9,23.8,250,0.752,665,0.553,422,0.303,18.7,5.5,8.5,2.5,11.5,0.57,0.37,1.89,7.7,84
219,Skal Labissiere,Sac,F,23.06,13,8.7,18.2,15.3,11,0.545,19,0.474,11,0.364,2.8,1.8,10.9,0.5,6.8,0.15,0.23,0.54,6.3,70
220,Skal Labissiere,Por,F,23.06,9,7,14.6,17.1,6,0.5,17,0.647,2,1,3.4,2.1,16,0.6,11.8,0.33,0.33,0.44,9.3,70
221,Jeremy Lamb,Cha,G,26.86,79,28.5,59.3,22.5,260,0.888,648,0.488,330,0.348,15.3,5.5,10.4,2.2,11.9,1.11,0.41,1.01,8,79
222,Zach LaVine,Chi,G,24.09,63,34.5,71.8,30.5,375,0.832,814,0.504,321,0.374,23.7,4.7,7.4,4.5,22.6,0.95,0.41,3.43,9.2,85
223,Jake Layman,Por,F,25.1,71,18.7,38.9,15.9,71,0.704,243,0.646,181,0.326,7.6,3.1,8.7,0.7,5.6,0.44,0.42,0.65,5.4,75
224,TJ Leaf,Ind,F,21.95,58,9,18.7,17.5,31,0.613,152,0.599,31,0.258,3.9,2.2,13.4,0.4,6.9,0.17,0.33,0.21,6.7,74
225,Courtney Lee,Nyk,G,33.52,12,13.4,27.8,15.5,14,0.643,31,0.516,16,0.313,4.7,2.3,8.8,1.3,15.1,0.67,0.17,0.42,7.2,72
226,Courtney Lee,Dal,G,33.52,22,12.2,25.4,15.1,7,0.714,43,0.488,39,0.282,3.6,1.2,5.4,1,11.4,0.59,0.05,0.41,5.3,72
227,Alex Len,Atl,C,25.82,77,20.1,41.8,22.1,216,0.648,444,0.554,204,0.363,11.1,5.5,14.4,1.1,8.6,0.35,0.9,1.26,8.1,77
228,Kawhi Leonard,Tor,F,27.78,60,34,70.8,30.3,426,0.854,827,0.542,302,0.371,26.6,7.3,11.6,3.3,16.4,1.77,0.42,2.02,10.1,97
229,Meyers Leonard,Por,F-C,27.12,61,14.4,30,14.8,51,0.843,131,0.626,111,0.45,5.9,3.8,14.2,1.2,11.8,0.21,0.15,0.7,8.3,76
230,Caris LeVert,Bro,G,24.63,40,26.6,55.4,24,123,0.691,330,0.482,154,0.312,13.7,3.8,7.4,3.9,23.2,1.05,0.35,1.73,8.8,78
231,Damian Lillard,Por,G,28.74,80,35.5,73.9,29.3,513,0.912,890,0.499,643,0.369,25.8,4.6,7,6.9,30.6,1.11,0.41,2.65,10.5,92
232,Kevon Looney,Gol,F,23.18,80,18.5,38.6,12.8,105,0.619,338,0.639,10,0.1,6.3,5.2,15.1,1.5,10.8,0.56,0.68,0.64,7.9,77
233,Brook Lopez,Mil,C,31.03,81,28.7,59.7,16.7,133,0.842,273,0.615,512,0.365,12.5,4.9,8.7,1.2,5.7,0.6,2.21,1.02,5.8,79
234,Robin Lopez,Chi,C,31.03,74,21.7,45.2,18.6,123,0.724,504,0.589,31,0.226,9.5,3.9,9.6,1.2,8.8,0.15,1.05,1.3,6.5,75
235,Kevin Love,Cle,F-C,30.59,22,27.2,56.6,27.4,114,0.904,136,0.412,147,0.361,17,10.9,22.2,2.2,12.8,0.27,0.27,1.91,10.9,83
236,Kyle Lowry,Tor,G,33.05,65,34.1,70.9,19.6,194,0.83,286,0.514,453,0.347,14.2,4.8,7.6,8.7,34.8,1.4,0.48,2.8,9.9,85
237,Tyler Lydon,Den,F,23,25,3.7,7.8,10.7,3,0.333,8,0.625,10,0.4,0.9,0.7,10.4,0.2,8.3,0.08,0,0.16,5.4,70
238,Trey Lyles,Den,F,23.43,63,17.8,37,23.4,116,0.698,294,0.531,200,0.255,8.7,3.9,11.9,1.4,11.3,0.48,0.38,1.08,8.1,75
239,Ian Mahinmi,Was,C,32.43,34,14.6,30.5,13,61,0.689,89,0.494,16,0.188,4.1,3.8,14.1,0.7,6.5,0.74,0.47,0.62,6.1,73
240,Thon Maker,Mil,F,22.12,35,11.7,24.4,16.3,37,0.541,56,0.589,78,0.333,4.7,2.7,11.9,0.5,5.8,0.29,0.51,0.26,6.3,72
241,Thon Maker,Det,F,22.12,29,19.4,40.5,13.7,47,0.766,59,0.458,75,0.307,5.5,3.7,10.3,0.9,6.7,0.38,1.14,0.83,5.4,72
242,Boban Marjanovic,Lac,C,30.65,34,11.1,23,24.6,95,0.758,138,0.616,2,0,7.1,4.5,21.4,0.6,9.3,0.29,0.5,1.09,9.6,75
243,Boban Marjanovic,Phi,C,30.65,22,13.9,28.9,21.7,36,0.722,112,0.634,8,0.5,8.2,5.1,19.6,1.5,17.1,0.23,0.45,1,11.4,75
244,Lauri Markkanen,Chi,F,21.89,52,32.3,67.4,25.1,195,0.872,463,0.479,332,0.361,18.7,9.1,15.3,1.4,7.2,0.71,0.63,1.65,7.7,83
245,Frank Mason,Sac,G,25.02,38,11.5,23.9,21.8,57,0.684,105,0.543,64,0.219,5.1,1.2,5.2,2.2,26.3,0.42,0.11,0.95,8.3,71
246,Yante Maten,Mia,F,22.66,2,6.5,13.5,13.2,0,0,3,0.333,1,0,1,1.5,12.3,0,0,0.5,0,0,0,70
247,Wesley Matthews,Dal,G-F,32.49,44,29.8,62.1,18.9,110,0.791,206,0.456,263,0.38,13.1,2.3,4.2,2.3,11.6,0.77,0.25,1.32,5.5,76
248,Wesley Matthews,Nyk,G-F,32.49,2,27,56.1,18.4,5,0.8,9,0.222,10,0.2,7,1.5,2.9,2.5,12.9,0.5,0.5,1,4.4,76
249,Wesley Matthews,Ind,G-F,32.49,23,31.5,65.7,15.8,48,0.854,81,0.407,130,0.369,10.9,2.8,5,2.4,10.1,0.87,0.17,1.35,5.3,76
250,Patrick McCaw,Cle,G,23.46,3,17.6,36.7,9.9,0,0,5,0.2,4,0.25,1.7,1,3.1,0.7,4.9,0.67,0,1,2.4,72
251,Patrick McCaw,Tor,G,23.46,26,13.2,27.6,9.3,15,0.867,30,0.533,24,0.333,2.7,1.7,7,1,9.8,0.81,0.12,0.54,5,72
252,CJ McCollum,Por,G,27.56,70,33.9,70.7,25.5,192,0.828,798,0.506,445,0.375,21,4,6.3,3,13.8,0.79,0.39,1.51,7.5,87
253,Doug McDermott,Ind,F,27.27,77,17.4,36.2,16.3,79,0.835,217,0.567,206,0.408,7.3,1.4,4.5,0.9,7.1,0.23,0.1,0.55,4.8,74
254,JaVale McGee,Lal,C,31.23,75,22.3,46.4,20.2,152,0.632,629,0.634,12,0.083,12,7.6,17.5,0.7,4.9,0.64,1.96,1.44,7.2,79
255,Rodney McGruder,Mia,G-F,27.7,66,23.5,48.9,15.4,72,0.722,236,0.453,227,0.348,7.6,3.6,8.2,1.7,10.3,0.53,0.2,0.97,6.1,72
256,Alfonzo McKinnie,Gol,F,26.56,72,13.9,29,13.9,48,0.563,158,0.582,118,0.356,4.7,3.4,13.2,0.4,4,0.26,0.21,0.42,5.3,72
257,Ben McLemore,Sac,G,26.16,19,8.3,17.3,19.5,12,0.667,23,0.348,41,0.415,3.9,0.9,5.6,0.2,3.4,0.32,0.16,0.26,4.3,71
258,Jordan McRae,Was,G,28.04,27,12.3,25.7,20.4,35,0.8,95,0.537,35,0.286,5.9,1.5,6.5,1.1,13.2,0.48,0.22,0.56,6.9,68
259,De'Anthony Melton,Pho,G,20.87,50,19.7,41,15,28,0.75,161,0.441,95,0.305,5,2.7,7.5,3.2,22.3,1.36,0.46,1.5,7.1,72
260,Chimezie Metu,San,F,22.06,29,5,10.4,24.4,17,0.765,56,0.339,2,0,1.8,1.2,13.5,0.4,12,0.21,0.07,0.52,7.6,71
261,Khris Middleton,Mil,F,27.66,77,31.1,64.8,25.1,258,0.837,674,0.485,474,0.378,18.3,6,9.8,4.3,20.1,1.04,0.09,2.26,10,85
262,CJ Miles,Tor,F-G,32.07,40,14.1,29.3,18.8,44,0.795,69,0.391,137,0.314,5.5,1.7,6.3,0.6,5.2,0.48,0.23,0.53,5,73
263,CJ Miles,Mem,F-G,32.07,13,22.6,47.2,18.2,14,0.929,39,0.462,66,0.364,9.3,2.1,5.1,1.1,7.4,0.62,0.38,0.69,4.9,73
264,Darius Miller,Nor,F,29.06,69,25.5,53.1,13.4,71,0.789,120,0.467,364,0.365,8.2,1.8,3.7,2.1,10.4,0.58,0.33,0.86,4.9,72
265,Malcolm Miller,Tor,F,26.1,10,6.7,14,18.4,4,0.75,5,0.2,21,0.476,3.5,0.5,4,0.1,2.1,0.1,0.1,0.1,3.3,69
266,Paul Millsap,Den,F,34.16,70,27.1,56.4,19.6,249,0.727,507,0.521,159,0.365,12.6,7.2,14.5,2,10.6,1.17,0.77,1.36,8.4,82
267,Shake Milton,Phi,G,22.54,20,13.4,27.9,15,7,0.714,43,0.465,44,0.318,4.4,1.7,6.7,0.9,9.2,0.4,0.4,0.3,5.6,71
268,Donovan Mitchell,Uta,G,22.59,77,33.7,70.3,31.6,396,0.806,1010,0.468,520,0.362,23.8,4.1,6.6,4.2,21.2,1.38,0.4,2.83,8.8,88
269,Malik Monk,Cha,G,21.18,73,17.2,35.9,24.5,102,0.882,256,0.461,330,0.33,8.9,1.9,5.8,1.6,14.3,0.51,0.26,1.16,7,75
270,E'Twaun Moore,Nor,G,30.12,53,27.6,57.5,17.3,59,0.763,356,0.506,176,0.432,11.9,2.4,4.5,1.9,9.5,0.75,0.15,1.11,5.5,74
271,Marcus Morris,Bos,F,29.61,75,27.9,58.1,20.9,173,0.844,455,0.508,389,0.375,13.9,6.1,11.7,1.5,7.5,0.57,0.33,1.23,7.2,78
272,Markieff Morris,Was,F,29.61,34,26,54.1,19.5,73,0.781,184,0.516,144,0.333,11.5,5.1,10.6,1.8,9.6,0.71,0.59,1.38,7.3,75
273,Markieff Morris,Okc,F,29.61,24,16.1,33.6,18,19,0.737,97,0.423,59,0.339,6.5,3.8,12.1,0.8,6.8,0.46,0.08,0.29,6.7,75
274,Monte Morris,Den,G,23.79,82,24,50.1,17.1,81,0.802,475,0.531,227,0.414,10.4,2.4,5.3,3.6,21.7,0.89,0.05,0.63,7.5,77
275,Johnathan Motley,Lac,F,23.94,22,7.1,14.8,28.8,40,0.6,70,0.557,3,0,4.6,2.3,17.3,0.5,11.7,0.23,0.14,0.73,9.8,70
276,Emmanuel Mudiay,Nyk,G,23.1,59,27.2,56.7,25.6,186,0.774,531,0.492,209,0.33,14.8,3.3,6.4,3.9,24.2,0.73,0.32,2.39,8.5,76
277,Jamal Murray,Den,G,22.13,75,32.6,68,24.9,223,0.848,759,0.476,414,0.367,18.2,4.2,7,4.8,22.3,0.89,0.36,2.11,8.8,84
278,Dzanan Musa,Bro,G-F,19.93,9,4.4,9.1,28.7,2,0,12,0.667,10,0.1,2.1,0.6,6.7,0.2,8.5,0.22,0,0.44,5.7,71
279,Mike Muscala,Phi,F-C,27.78,47,22.2,46.2,14.3,77,0.818,79,0.519,199,0.342,7.4,4.3,10.2,1.3,7.9,0.38,0.57,0.91,6.2,73
280,Mike Muscala,Lal,F-C,27.78,17,15.6,32.4,14.3,8,0.875,26,0.577,57,0.368,5.9,2.6,8.6,0.8,7.1,0.24,0.71,0.29,5.9,73
281,Abdel Nader,Okc,F,25.54,61,11.4,23.7,15.1,36,0.75,115,0.513,100,0.32,4,1.9,8.6,0.3,3.8,0.33,0.2,0.43,4.6,70
282,Shabazz Napier,Bro,G,27.74,56,17.6,36.6,24,138,0.833,207,0.449,228,0.333,9.4,1.8,5.3,2.6,22.2,0.75,0.29,1.18,8,75
283,Raul Neto,Uta,G,26.89,37,12.8,26.7,19,33,0.848,101,0.535,60,0.333,5.3,1.7,7.1,2.5,28.8,0.38,0.11,0.95,8.8,72
284,Georges Niang,Uta,F,25.82,59,8.8,18.2,17.8,24,0.833,76,0.566,105,0.41,4,1.5,9.1,0.6,10.1,0.17,0.1,0.39,7,72
285,Joakim Noah,Mem,C,34.12,42,16.5,34.4,20.1,109,0.716,212,0.519,1,0,7.1,5.7,19.3,2.1,20.6,0.48,0.74,1.19,10.7,74
286,Nerlens Noel,Okc,F-C,25,77,13.7,28.6,13.8,79,0.684,276,0.587,0,0,4.9,4.2,15.9,0.6,5.9,0.86,1.25,0.62,6.7,77
287,Frank Ntilikina,Nyk,G,20.7,43,21,43.8,16.6,30,0.767,167,0.371,115,0.287,5.7,2,5,2.8,19.7,0.7,0.33,1.3,6,73
288,Jusuf Nurkic,Por,C,24.63,72,27.4,57.1,24.7,365,0.773,797,0.523,29,0.103,15.6,10.4,20.2,3.2,17.9,0.97,1.43,2.33,11.7,83
289,David Nwaba,Cle,G,26.24,51,19.3,40.2,14.6,85,0.682,188,0.543,75,0.32,6.5,3.2,9.2,1.1,8.1,0.71,0.33,0.57,5.9,73
290,Semi Ojeleye,Bos,F,24.35,56,10.6,22.1,14.1,39,0.615,69,0.565,89,0.315,3.3,1.5,7.7,0.4,5.1,0.18,0.07,0.34,4.7,73
291,Jahlil Okafor,Nor,C,23.32,59,15.8,33,19.9,89,0.663,357,0.591,5,0.2,8.2,4.7,15.4,0.7,6.3,0.25,0.68,0.88,7.6,76
292,Elie Okobo,Pho,G,21.47,53,18.1,37.7,17,47,0.787,158,0.475,132,0.295,5.7,1.9,5.7,2.4,18.7,0.6,0.13,1.3,6.5,71
293,Josh Okogie,Min,G,20.61,74,23.7,49.5,15.4,162,0.728,293,0.464,215,0.279,7.7,2.9,6.6,1.2,6.9,1.19,0.45,0.85,5.1,73
294,Victor Oladipo,Ind,G,26.93,36,31.9,66.4,27.9,141,0.73,372,0.47,216,0.343,18.8,5.6,9.8,5.2,25.2,1.67,0.31,2.28,10.3,87
295,Kelly Olynyk,Mia,F,27.98,79,22.9,47.8,18,185,0.822,245,0.604,319,0.354,10,4.7,11,1.8,11.4,0.67,0.46,1.44,7.7,78
296,Royce O'Neale,Uta,F,25.85,82,20.4,42.5,11,42,0.762,167,0.569,176,0.386,5.2,3.5,9.2,1.5,10,0.66,0.3,0.85,5.9,73
297,Kyle O'Quinn,Ind,C,29.04,45,8.2,17.2,20.8,21,0.81,124,0.548,12,0.083,3.5,2.6,17.6,1.2,22.4,0.2,0.56,0.69,10.8,74
298,Cedi Osman,Cle,F,24.01,76,32.2,67,18.5,181,0.779,469,0.49,374,0.348,13,4.7,8.1,2.6,12.1,0.78,0.14,1.5,6.7,75
299,Jabari Parker,Chi,F,24.07,39,26.7,55.7,25,108,0.731,350,0.523,114,0.325,14.3,6.2,12.6,2.2,13.2,0.62,0.36,2.15,8.7,78
300,Jabari Parker,Was,F,24.07,25,27.3,56.9,23.9,76,0.684,204,0.613,81,0.296,15,7.2,14.3,2.7,15.4,0.92,0.64,2.68,9.7,78
301,Chandler Parsons,Mem,F,30.46,25,19.8,41.3,20.3,25,0.88,88,0.443,94,0.309,7.5,2.8,7.9,1.7,13.4,0.76,0.2,1.28,6.7,74
302,Chris Paul,Hou,G,33.93,58,32,66.7,22.5,203,0.862,365,0.479,355,0.358,15.6,4.6,7.9,8.2,39.3,1.97,0.31,2.6,10.5,85
303,Cameron Payne,Chi,G,24.67,31,17.3,36,17.4,25,0.88,109,0.486,59,0.271,5.7,1.7,5.4,2.7,22.4,0.65,0.19,1.1,6.9,72
304,Cameron Payne,Cle,G,24.67,9,19.6,40.7,18.1,16,0.688,30,0.6,25,0.36,8.2,2.1,6,2.6,20,0.89,0.33,1.22,7.2,72
305,Elfrid Payton,Nor,G,25.13,42,29.8,62,18.3,74,0.743,307,0.476,105,0.314,10.6,5.3,9.2,7.6,33.6,1.05,0.4,2.67,10.1,76
306,Theo Pinson,Bro,G-F,23.43,18,11.7,24.5,20,22,0.864,27,0.481,46,0.261,4.5,2,8.9,1.2,14,0.33,0,1,7.6,69
307,Mason Plumlee,Den,F-C,29.1,82,21.1,44,16.2,198,0.561,432,0.602,10,0.2,7.8,6.4,16.4,3,19.5,0.79,0.93,1.55,10.1,77
308,Miles Plumlee,Atl,C,30.61,18,9.6,20,16.7,30,0.533,48,0.667,0,0,4.4,2.2,11.9,0.9,14.7,0.33,0.22,0.56,8.6,70
309,Jakob Poeltl,San,C,23.49,77,16.5,34.4,13.1,92,0.533,289,0.647,0,0,5.5,5.3,17.6,1.2,10,0.38,0.9,0.62,7.9,77
310,Bobby Portis,Chi,F,24.16,22,24.1,50.2,26.5,50,0.78,199,0.477,72,0.375,14.1,7.2,16.3,1.3,9.3,0.5,0.36,1.32,8.5,78
311,Bobby Portis,Was,F,24.16,28,27.4,57.1,23.3,47,0.809,238,0.458,119,0.403,14.3,8.6,17.1,1.5,8.5,0.86,0.46,1.61,8.3,78
312,Dwight Powell,Dal,F-C,27.73,77,21.6,45,17.1,254,0.772,358,0.701,127,0.307,10.6,5.3,13.2,1.5,10.7,0.56,0.66,0.86,8.1,77
313,Norman Powell,Tor,F-G,25.88,60,18.8,39.1,19,75,0.827,230,0.543,170,0.4,8.6,2.3,6.7,1.5,11.6,0.65,0.22,1.08,6.6,74
314,Taurean Prince,Atl,F,25.06,55,28.2,58.8,19.5,116,0.819,279,0.498,315,0.39,13.5,3.6,6.7,2.1,11.1,0.96,0.35,1.82,6.6,77
315,Ivan Rabb,Mem,F,22.18,49,14.7,30.6,17.2,69,0.71,197,0.574,15,0.2,5.8,4.2,16,1.1,12,0.35,0.29,0.71,8.1,74
316,Julius Randle,Nor,F,24.37,73,30.6,63.7,27.8,487,0.731,893,0.564,195,0.344,21.4,8.7,14.7,3.1,15.8,0.71,0.62,2.85,10.9,83
317,JJ Redick,Phi,G,34.8,76,31.3,65.2,21.8,254,0.894,423,0.501,605,0.397,18,2.4,4.1,2.7,12.9,0.42,0.21,1.3,6.2,80
318,Josh Richardson,Mia,F,25.57,73,34.8,72.5,20.9,231,0.861,567,0.457,459,0.357,16.6,3.6,5.5,4.1,17.9,1.08,0.45,1.55,7.2,80
319,Austin Rivers,Was,G,26.69,29,23.5,49.1,15.5,46,0.543,88,0.489,106,0.311,7.2,2.4,5.6,2,11.2,0.62,0.34,1.21,5.5,76
320,Austin Rivers,Hou,G,26.69,47,28.6,59.6,13.9,49,0.51,157,0.541,221,0.321,8.7,1.9,3.7,2.3,11.7,0.62,0.28,0.68,4.7,76
321,Glenn Robinson III,Det,G-F,25.26,47,13,27,14.9,40,0.8,114,0.491,61,0.295,4.2,1.5,6.4,0.4,5.1,0.3,0.17,0.38,4.2,74
322,Duncan Robinson,Mia,F,24.97,15,10.7,22.3,14,6,0.667,11,0.727,35,0.286,3.3,1.3,6.3,0.3,4.4,0.33,0,0.27,4.1,67
323,Jerome Robinson,Lac,G,22.13,33,9.7,20.2,16.6,9,0.667,53,0.491,57,0.316,3.4,1.2,6.6,0.6,8.3,0.33,0.09,0.36,5.6,71
324,Mitchell Robinson,Nyk,C,21.03,66,20.6,42.9,12.1,135,0.6,291,0.694,0,0,7.3,6.4,16.3,0.6,4.2,0.79,2.44,0.53,5.9,79
325,Rajon Rondo,Lal,G,33.13,46,29.8,62,17.4,36,0.639,290,0.428,142,0.359,9.2,5.3,9.2,8,35.5,1.2,0.15,2.76,9.8,76
326,Derrick Rose,Min,G,30.52,51,27.3,56.9,27.3,160,0.856,607,0.509,146,0.37,18,2.7,5.4,4.3,26.3,0.59,0.24,1.61,8.7,80
327,Terrence Ross,Orl,G-F,28.18,81,26.5,55.3,23.9,144,0.875,461,0.484,566,0.383,15.1,3.5,7,1.7,9.9,0.89,0.36,1.1,6.8,79
328,Terry Rozier,Bos,G,25.07,79,22.7,47.2,18.6,93,0.785,328,0.424,337,0.353,9,3.9,9.1,2.9,17.7,0.86,0.25,0.87,8.2,78
329,Ricky Rubio,Uta,G,28.47,68,27.9,58.2,22.7,228,0.855,476,0.454,254,0.311,12.7,3.6,6.9,6.1,32.1,1.35,0.15,2.65,9.4,78
330,D'Angelo Russell,Bro,G,23.13,81,30.2,63,31.9,205,0.78,882,0.482,635,0.369,21.1,3.9,6.8,7,41.3,1.22,0.25,3.12,11,87
331,Domantas Sabonis,Ind,F,22.94,74,24.8,51.8,23.5,291,0.715,685,0.59,17,0.529,14.1,9.4,20.9,2.9,18.1,0.68,0.41,2.16,11.7,81
332,JaKarr Sampson,Chi,F,26.06,4,31.8,66.3,23.1,21,0.81,40,0.6,14,0.357,20,8,13.7,1,5.3,1,0.75,1,6.8,71
333,Dario Saric,Phi,F,25.01,13,30.5,63.4,18,30,0.9,61,0.443,71,0.296,11.1,6.6,11.5,2,8.9,0.31,0.23,1.92,6.9,77
334,Dario Saric,Min,F,25.01,68,23.9,49.8,17.8,120,0.875,311,0.511,253,0.383,10.5,5.4,12.2,1.5,8.8,0.6,0.12,1.06,7.4,77
335,Tomas Satoransky,Was,G-F,27.45,80,27,56.3,14.1,160,0.819,368,0.524,163,0.393,8.9,3.5,6.9,5,24.6,1.04,0.18,1.5,8,75
336,Mike Scott,Lac,F,30.74,52,14.4,30,14.9,18,0.667,97,0.412,133,0.391,4.8,3.3,12.3,0.8,8.1,0.33,0.15,0.5,6.5,75
337,Mike Scott,Phi,F,30.74,27,24,50,13.8,15,0.667,71,0.38,119,0.412,7.8,3.8,8.3,0.8,4.6,0.33,0.19,0.63,4.8,75
338,Collin Sexton,Cle,G,20.27,82,31.8,66.2,25.2,255,0.839,910,0.44,296,0.402,16.7,2.9,5.1,3,15.3,0.54,0.07,2.27,6.6,77
339,Landry Shamet,Phi,G,22.08,54,20.5,42.8,15,54,0.815,102,0.529,245,0.404,8.3,1.4,3.7,1.1,7.5,0.44,0.15,0.48,4.6,76
340,Landry Shamet,Lac,G,22.08,25,27.8,57.8,15,39,0.795,59,0.322,151,0.45,10.9,2.2,4.3,2.3,11.5,0.52,0.08,0.76,5.5,76
341,Pascal Siakam,Tor,F,25.03,80,31.8,66.3,20.8,302,0.785,731,0.602,214,0.369,16.9,6.9,11.6,3.1,14.6,0.93,0.64,1.91,9,87
342,Ben Simmons,Phi,G-F,22.72,79,34.2,71.2,22.1,428,0.6,954,0.566,6,0,16.9,8.8,13.7,7.7,34.2,1.42,0.77,3.47,12.2,87
343,Jonathon Simmons,Orl,F,29.57,41,20.6,42.9,19.3,72,0.778,203,0.419,83,0.229,6.9,2.5,6.4,2.3,15.7,0.41,0.34,1.37,6.6,73
344,Jonathon Simmons,Phi,F,29.57,15,14.6,30.4,16.6,25,0.64,43,0.465,21,0.429,5.5,1.7,6.3,2.2,20.7,0.73,0.07,0.8,7.5,73
345,Anfernee Simons,Por,G,19.84,20,7,14.6,24.4,16,0.563,34,0.529,29,0.345,3.8,0.7,4.9,0.7,13.7,0.05,0,0.55,7,72
346,Marcus Smart,Bos,G,25.1,80,27.5,57.3,14.6,129,0.806,221,0.511,346,0.364,8.9,2.9,5.7,4,19.1,1.79,0.35,1.54,6.8,82
347,Zhaire Smith,Phi,G,19.85,6,18.4,38.4,16.5,8,0.75,18,0.444,16,0.375,6.7,2.2,6.2,1.7,12.3,0.33,0.33,1,6.4,72
348,Tony Snell,Mil,G,27.42,74,17.6,36.7,12.9,42,0.881,157,0.522,204,0.397,6,2.1,6.1,0.9,6.7,0.35,0.24,0.31,5.1,73
349,Omari Spellman,Atl,F,21.72,46,17.5,36.4,14.9,45,0.711,116,0.466,128,0.344,5.9,4.2,12.7,1,8,0.54,0.57,0.67,6.7,73
350,Edmond Sumner,Ind,G,23.28,23,9.1,19,17.6,24,0.625,37,0.405,27,0.259,2.9,1,6.3,0.4,6.3,0.52,0.22,0.43,4.6,71
351,Caleb Swanigan,Por,F,21.98,18,8.1,16.8,18.4,7,0.857,39,0.333,5,0.2,1.9,2.9,19.1,0.4,6.2,0.22,0,0.89,6.4,70
352,Caleb Swanigan,Sac,F,21.98,3,11,22.9,14.9,2,0,7,0.571,2,0,2.7,4,18.7,1.3,15.6,0.67,0.33,0.67,8.8,70
353,Jayson Tatum,Bos,F,21.11,79,31.1,64.7,22.1,226,0.854,725,0.483,311,0.373,15.7,6,10.3,2.1,10,1.06,0.73,1.54,7.5,85
354,Jeff Teague,Min,G,30.83,42,30.1,62.7,19.3,153,0.804,311,0.453,105,0.333,12.1,2.5,4.5,8.2,37.6,1.05,0.43,2.31,8.3,78
355,Garrett Temple,Mem,G-F,32.93,49,31.2,65.1,13.8,76,0.75,177,0.52,210,0.352,9.4,3.1,5.6,1.4,6.6,1.02,0.49,1.1,4.4,73
356,Garrett Temple,Lac,G-F,32.93,26,19.6,40.9,11.1,31,0.742,51,0.51,54,0.296,4.7,2.5,6.6,1.4,9.4,1.04,0.19,0.62,5.2,73
357,Daniel Theis,Bos,F,27.02,66,13.8,28.6,15.8,76,0.737,199,0.603,67,0.388,5.7,3.4,13.2,1,10.5,0.32,0.62,0.5,7.8,76
358,Isaiah Thomas,Den,G,30.17,12,15.1,31.4,30.4,27,0.63,56,0.393,43,0.279,8.1,1.1,3.9,1.9,18.6,0.5,0.08,1.5,6.8,76
359,Khyri Thomas,Det,G,22.92,26,7.5,15.7,17.2,11,0.636,34,0.353,35,0.286,2.3,0.8,5.6,0.3,5.9,0.27,0.19,0.15,4.4,69
360,Klay Thompson,Gol,G,29.17,78,34,70.8,25.5,158,0.816,802,0.516,599,0.402,21.5,3.8,6,2.4,10.5,1.06,0.6,1.46,6.8,89
361,Tristan Thompson,Cle,F-C,28.08,43,27.9,58,17.7,106,0.642,380,0.529,0,0,10.9,10.2,20.4,2,11.2,0.63,0.37,1.37,8.7,79
362,Anthony Tolliver,Min,F,33.86,65,16.6,34.6,12.5,60,0.783,44,0.409,215,0.377,5,2.7,8.8,0.7,5.5,0.26,0.32,0.55,5.1,72
363,Karl-Anthony Towns,Min,F-C,23.4,77,33,68.9,29,450,0.836,960,0.561,355,0.4,24.4,12.4,20.1,3.4,17.2,0.88,1.62,3.13,12.2,89
364,Allonzo Trier,Nyk,G,23.23,64,22.8,47.5,21.4,223,0.803,386,0.466,132,0.394,10.9,3.1,7,1.9,12.9,0.44,0.22,1.8,7,75
365,PJ Tucker,Hou,F,33.93,82,34.2,71.2,9.5,59,0.695,137,0.445,387,0.377,7.3,5.8,9.4,1.2,4.6,1.62,0.45,0.77,4.3,79
366,Evan Turner,Por,G-F,30.45,73,22,45.8,15.9,106,0.708,391,0.494,53,0.208,6.8,4.5,10.9,3.9,23.6,0.45,0.25,1.56,9,73
367,Myles Turner,Ind,F-C,23.05,74,28.6,59.7,20,201,0.736,585,0.52,196,0.388,13.3,7.2,13.9,1.6,8,0.81,2.69,1.35,7.5,82
368,Jonas Valanciunas,Tor,C,26.93,30,18.8,39.2,25.9,94,0.819,228,0.614,30,0.3,12.8,7.2,20.6,1,8.5,0.4,0.77,1.33,9.6,81
369,Jonas Valanciunas,Mem,C,26.93,19,27.7,57.8,31.4,91,0.769,261,0.563,18,0.278,19.9,10.7,21.6,2.2,15.7,0.32,1.58,2.68,11.2,81
370,Jarred Vanderbilt,Den,F,20.02,16,4.3,9,19.4,10,0.6,18,0.5,1,0,1.5,1.4,18,0.2,5.8,0.38,0.06,0.5,7,70
371,Fred VanVleet,Tor,G,25.12,64,27.5,57.3,17.9,115,0.843,304,0.441,296,0.378,11,2.6,5.1,4.8,23.9,0.89,0.3,1.27,7.5,79
372,Noah Vonleh,Nyk,F,23.63,68,25.3,52.7,14.8,156,0.712,303,0.531,137,0.336,8.4,7.8,16.1,1.9,11.1,0.66,0.75,1.29,7.9,75
373,Nikola Vucevic,Orl,C,28.46,80,31.4,65.4,28,227,0.789,1123,0.549,231,0.364,20.8,12,20.5,3.8,21.9,1.01,1.14,1.99,12.5,86
374,Moritz Wagner,Lal,C,21.96,43,10.4,21.6,21.7,53,0.811,94,0.521,77,0.286,4.8,2,9.8,0.6,7.4,0.23,0.3,0.91,6.9,71
375,Dion Waiters,Mia,G,27.34,44,25.9,53.9,21.2,44,0.5,190,0.468,289,0.377,12,2.7,5.5,2.8,16.4,0.66,0.2,1.45,6.9,76
376,Kemba Walker,Cha,G,28.93,82,34.9,72.7,31.5,450,0.844,954,0.494,730,0.356,25.6,4.4,6.8,5.9,29.3,1.24,0.41,2.57,10,88
377,Tyrone Wallace,Lac,G,24.84,62,10.1,21.1,18.7,57,0.526,198,0.444,19,0.211,3.5,1.6,8.5,0.7,9.7,0.34,0.11,0.58,6.2,69
378,John Wall,Was,G,28.6,32,34.5,71.9,28.8,175,0.697,382,0.508,169,0.302,20.7,3.6,5.7,8.7,39.2,1.53,0.91,3.81,10,86
379,Brad Wanamaker,Bos,G,29.71,36,9.5,19.8,17.2,28,0.857,66,0.515,39,0.41,3.9,1.1,6.4,1.6,22.5,0.33,0.06,0.53,8,73
380,Russell Westbrook,Okc,G,30.41,73,36,75,30.9,450,0.658,1062,0.481,411,0.29,22.9,11.1,15.9,10.7,46.5,1.95,0.45,4.44,15.5,90
381,Derrick White,San,G,24.78,67,25.8,53.7,17.7,123,0.772,401,0.529,142,0.338,9.9,3.7,7.8,3.9,21,1,0.7,1.45,8.1,78
382,Hassan Whiteside,Mia,C,29.83,72,23.3,48.4,22.6,243,0.449,665,0.58,16,0.125,12.3,11.4,26,0.8,5.6,0.64,1.89,1.33,8.3,81
383,Andrew Wiggins,Min,G-F,24.13,73,34.8,72.6,24.4,296,0.699,862,0.441,348,0.339,18.1,4.8,7.4,2.5,10.9,0.97,0.66,1.9,6.9,79
384,Kenrich Williams,Nor,G-F,24.36,46,23.5,48.9,12.3,19,0.684,123,0.447,156,0.333,6.1,4.8,10.5,1.8,9.5,0.96,0.41,0.78,6.4,72
385,Marvin Williams,Cha,F,32.81,75,28.4,59.3,14.9,86,0.767,270,0.5,382,0.366,10.1,5.4,10.3,1.2,6.1,0.92,0.8,0.61,5.7,76
386,Justise Winslow,Mia,F,23.04,66,29.7,61.9,20.8,137,0.628,493,0.462,256,0.375,12.6,5.4,9.6,4.3,21.9,1.09,0.29,2.15,8.9,78
387,Christian Wood,Mil,F,23.54,13,4.7,9.9,23.6,15,0.667,20,0.45,5,0.6,2.8,1.5,16.5,0.2,4.6,0,0,0.23,8,74
388,Christian Wood,Nor,F,23.54,8,23.6,49.2,27,41,0.756,71,0.606,21,0.286,16.9,7.9,17.3,0.8,4.9,0.88,1.25,1.75,8,74
389,Delon Wright,Tor,G,26.96,49,18.3,38.1,17.1,61,0.869,203,0.478,90,0.333,6.9,2.6,7.5,2.2,16.8,0.94,0.31,0.76,7.4,76
390,Delon Wright,Mem,G,26.96,26,30.8,64.3,19.2,89,0.742,187,0.508,78,0.256,12.2,5.5,9.9,5.3,26.9,1.62,0.58,1.54,9.2,76
391,Thaddeus Young,Ind,F,30.8,81,30.7,64,18,135,0.644,696,0.563,146,0.349,12.6,6.4,11.6,2.5,12,1.52,0.47,1.52,7.6,79
392,Trae Young,Atl,G,20.56,81,30.9,64.4,28.4,414,0.829,775,0.476,482,0.324,19.1,3.7,6.3,8.1,40.5,0.86,0.19,3.8,10.7,85
393,Cody Zeller,Cha,F-C,26.51,49,25.4,52.8,16.2,141,0.787,323,0.57,22,0.273,10.1,6.8,14.4,2.1,12.2,0.78,0.86,1.24,8.3,77
394,Ante Zizic,Cle,C,22.27,59,18.3,38.2,18.2,132,0.705,330,0.555,0,0,7.8,5.4,16.4,0.9,7.7,0.22,0.37,1.05,7.3,73
395,Ivica Zubac,Lal,C,22.07,33,15.6,32.6,20.5,66,0.864,193,0.58,0,0,8.5,4.9,16.3,0.8,7.3,0.15,0.82,1,8.3,77
396,Ivica Zubac,Lac,C,22.07,26,20.1,41.9,20.1,60,0.733,186,0.538,0,0,9.4,7.7,20.3,1.5,11,0.38,0.92,1.42,9.5,77
